# This file uses centimeters as units for non-parametric coordinates.
v  0 -1.41421402 1
v  0.176776752 -1.23743725 1
v  0 -1.06066048 1
v  -0.176776752 -1.23743725 1
v  0.353553504 -1.06066048 1
v  0.176776752 -0.883883715 1
v  0 -0.707107008 1
v  -0.176776752 -0.883883715 1
v  -0.353553504 -1.06066048 1
v  0.530330241 -0.883883715 1
v  0.353553504 -0.707107008 1
v  0.707107008 -0.707107008 1
v  0.530330241 -0.530330241 1
v  0.353553504 -0.353553504 1
v  0.176776752 -0.530330241 1
v  0 -0.353553504 1
v  -0.176776752 -0.530330241 1
v  0.176776752 -0.176776752 1
v  0 0 1
v  -0.176776752 -0.176776752 1
v  -0.353553504 -0.353553504 1
v  -0.353553504 -0.707107008 1
v  -0.530330241 -0.883883715 1
v  -0.530330241 -0.530330241 1
v  -0.707107008 -0.707107008 1
v  0.883883715 -0.530330241 1
v  0.707107008 -0.353553504 1
v  1.06066048 -0.353553504 1
v  0.883883715 -0.176776752 1
v  0.707107008 0 1
v  0.530330241 -0.176776752 1
v  1.23743725 -0.176776752 1
v  1.06066048 0 1
v  1.41421402 0 1
v  1.23743725 0.176776752 1
v  1.06066048 0.353553504 1
v  0.883883715 0.176776752 1
v  0.707107008 0.353553504 1
v  0.530330241 0.176776752 1
v  0.883883715 0.530330241 1
v  0.707107008 0.707107008 1
v  0.530330241 0.530330241 1
v  0.353553504 0.353553504 1
v  0.353553504 0 1
v  0.176776752 0.176776752 1
v  0 0.353553504 1
v  -0.176776752 0.176776752 1
v  0.176776752 0.530330241 1
v  0 0.707107008 1
v  -0.176776752 0.530330241 1
v  -0.353553504 0.353553504 1
v  0.353553504 0.707107008 1
v  0.530330241 0.883883715 1
v  0.353553504 1.06066048 1
v  0.176776752 0.883883715 1
v  0 1.06066048 1
v  -0.176776752 0.883883715 1
v  0.176776752 1.23743725 1
v  0 1.41421402 1
v  -0.176776752 1.23743725 1
v  -0.353553504 1.06066048 1
v  -0.353553504 0.707107008 1
v  -0.530330241 0.530330241 1
v  -0.530330241 0.883883715 1
v  -0.707107008 0.707107008 1
v  -0.707106948 -0.353553504 1
v  -0.883883715 -0.530330241 1
v  -0.530330241 -0.176776752 1
v  -0.707107008 0 1
v  -0.883883715 -0.176776752 1
v  -1.06066048 -0.353553504 1
v  -0.353553504 0 1
v  -0.530330241 0.176776752 1
v  -0.707106948 0.353553504 1
v  -0.883883715 0.176776752 1
v  -0.883883715 0.530330241 1
v  -1.06066048 0.353553504 1
v  -1.06066048 0 1
v  -1.23743725 -0.176776752 1
v  -1.23743725 0.176776752 1
v  -1.41421402 0 1
v  -1.23743725 0.176776752 0.75
v  -1.41421402 0 0.75
v  -1.06066048 0.353553504 0.75
v  -1.06066048 0.353553504 0.5
v  -1.23743725 0.176776752 0.5
v  -1.41421402 0 0.5
v  -0.883883715 0.530330241 0.75
v  -0.707107008 0.707107008 0.75
v  -0.707107008 0.707107008 0.5
v  -0.883883715 0.530330241 0.5
v  -0.883883715 0.530330241 0.25
v  -1.06066048 0.353553504 0.25
v  -0.707107008 0.707107008 0.25
v  -0.707107008 0.707107008 0
v  -0.883883715 0.530330241 0
v  -1.06066048 0.353553504 0
v  -1.23743725 0.176776752 0.25
v  -1.41421402 0 0.25
v  -1.23743725 0.176776752 0
v  -1.41421402 0 0
v  -0.530330241 0.883883715 0.75
v  -0.353553504 1.06066048 0.75
v  -0.353553504 1.06066048 0.5
v  -0.530330241 0.883883715 0.5
v  -0.176776752 1.23743725 0.75
v  0 1.41421402 0.75
v  0 1.41421402 0.5
v  -0.176776752 1.23743725 0.5
v  -0.176776752 1.23743725 0.25
v  -0.353553504 1.06066048 0.25
v  0 1.41421402 0.25
v  0 1.41421402 0
v  -0.176776752 1.23743725 0
v  -0.353553504 1.06066048 0
v  -0.530330241 0.883883715 0.25
v  -0.530330241 0.883883715 0
v  -0.530330241 0.883883715 -0.25
v  -0.707107008 0.707107008 -0.25
v  -0.353553504 1.06066048 -0.25
v  -0.353553504 1.06066048 -0.5
v  -0.530330241 0.883883715 -0.5
v  -0.707107008 0.707107008 -0.5
v  -0.176776752 1.23743725 -0.25
v  0 1.41421402 -0.25
v  0 1.41421402 -0.5
v  -0.176776752 1.23743725 -0.5
v  -0.176776752 1.23743725 -0.75
v  -0.353553504 1.06066048 -0.75
v  0 1.41421402 -0.75
v  0 1.41421402 -1
v  -0.176776752 1.23743725 -1
v  -0.353553504 1.06066048 -1
v  -0.530330241 0.883883715 -0.75
v  -0.707107008 0.707107008 -0.75
v  -0.530330241 0.883883715 -1
v  -0.707107008 0.707107008 -1
v  -1.23743725 0.176776752 -0.25
v  -1.41421402 0 -0.25
v  -1.06066048 0.353553504 -0.25
v  -1.06066048 0.353553504 -0.5
v  -1.23743725 0.176776752 -0.5
v  -1.41421402 0 -0.5
v  -0.883883715 0.530330241 -0.25
v  -0.883883715 0.530330241 -0.5
v  -0.883883715 0.530330241 -0.75
v  -1.06066048 0.353553504 -0.75
v  -0.883883715 0.530330241 -1
v  -1.06066048 0.353553504 -1
v  -1.23743725 0.176776752 -0.75
v  -1.41421402 0 -0.75
v  -1.23743725 0.176776752 -1
v  -1.41421402 0 -1
v  -1.06066048 0 -1
v  -1.23743725 -0.176776752 -1
v  -0.883883715 0.176776752 -1
v  -0.707107008 0 -1
v  -0.883883715 -0.176776752 -1
v  -1.06066048 -0.353553504 -1
v  -0.707107008 0.353553504 -1
v  -0.530330241 0.530330241 -1
v  -0.353553504 0.353553504 -1
v  -0.530330241 0.176776752 -1
v  -0.353553504 0 -1
v  -0.530330241 -0.176776752 -1
v  -0.176776752 0.176776752 -1
v  0 0 -1
v  -0.176776752 -0.176776752 -1
v  -0.353553504 -0.353553504 -1
v  -0.707107008 -0.353553504 -1
v  -0.883883715 -0.530330241 -1
v  -0.530330241 -0.530330241 -1
v  -0.707107008 -0.707107008 -1
v  -0.353553504 0.707107008 -1
v  -0.176776752 0.883883715 -1
v  0 0.707107008 -1
v  -0.176776752 0.530330241 -1
v  0 1.06066048 -1
v  0.176776752 1.23743725 -1
v  0.353553504 1.06066048 -1
v  0.176776752 0.883883715 -1
v  0.353553504 0.707107008 -1
v  0.176776752 0.530330241 -1
v  0.530330241 0.883883715 -1
v  0.707107008 0.707107008 -1
v  0.530330241 0.530330241 -1
v  0.353553504 0.353553504 -1
v  0 0.353553504 -1
v  0.176776752 0.176776752 -1
v  0.353553504 0 -1
v  0.176776752 -0.176776752 -1
v  0.530330241 0.176776752 -1
v  0.707107008 0 -1
v  0.530330241 -0.176776752 -1
v  0.353553504 -0.353553504 -1
v  0.707107008 0.353553504 -1
v  0.883883715 0.530330241 -1
v  1.06066048 0.353553504 -1
v  0.883883715 0.176776752 -1
v  1.06066048 0 -1
v  0.883883715 -0.176776752 -1
v  1.23743725 0.176776752 -1
v  1.41421402 0 -1
v  1.23743725 -0.176776752 -1
v  1.06066048 -0.353553504 -1
v  0.707107008 -0.353553504 -1
v  0.530330241 -0.530330241 -1
v  0.883883715 -0.530330241 -1
v  0.707107008 -0.707107008 -1
v  -0.353553504 -0.707106948 -1
v  -0.530330241 -0.883883715 -1
v  -0.176776752 -0.530330241 -1
v  0 -0.707107008 -1
v  -0.176776752 -0.883883715 -1
v  -0.353553504 -1.06066048 -1
v  0 -0.353553504 -1
v  0.176776752 -0.530330241 -1
v  0.353553504 -0.707106948 -1
v  0.176776752 -0.883883715 -1
v  0.530330241 -0.883883715 -1
v  0.353553504 -1.06066048 -1
v  0 -1.06066048 -1
v  -0.176776752 -1.23743725 -1
v  0.176776752 -1.23743725 -1
v  0 -1.41421402 -1
v  0.176776752 -1.23743725 -0.75
v  0 -1.41421402 -0.75
v  0.353553504 -1.06066048 -0.75
v  0.353553504 -1.06066048 -0.5
v  0.176776752 -1.23743725 -0.5
v  0 -1.41421402 -0.5
v  0.530330241 -0.883883715 -0.75
v  0.707107008 -0.707107008 -0.75
v  0.707107008 -0.707107008 -0.5
v  0.530330241 -0.883883715 -0.5
v  0.530330241 -0.883883715 -0.25
v  0.353553504 -1.06066048 -0.25
v  0.707107008 -0.707107008 -0.25
v  0.707107008 -0.707107008 0
v  0.530330241 -0.883883715 0
v  0.353553504 -1.06066048 0
v  0.176776752 -1.23743725 -0.25
v  0 -1.41421402 -0.25
v  0.176776752 -1.23743725 0
v  0 -1.41421402 0
v  0.883883715 -0.530330241 -0.75
v  1.06066048 -0.353553504 -0.75
v  1.06066048 -0.353553504 -0.5
v  0.883883715 -0.530330241 -0.5
v  1.23743725 -0.176776752 -0.75
v  1.41421402 0 -0.75
v  1.41421402 0 -0.5
v  1.23743725 -0.176776752 -0.5
v  1.23743725 -0.176776752 -0.25
v  1.06066048 -0.353553504 -0.25
v  1.41421402 0 -0.25
v  1.41421402 0 0
v  1.23743725 -0.176776752 0
v  1.06066048 -0.353553504 0
v  0.883883715 -0.530330241 -0.25
v  0.883883715 -0.530330241 0
v  0.883883715 -0.530330241 0.25
v  0.707107008 -0.707107008 0.25
v  1.06066048 -0.353553504 0.25
v  1.06066048 -0.353553504 0.5
v  0.883883715 -0.530330241 0.5
v  0.707107008 -0.707107008 0.5
v  1.23743725 -0.176776752 0.25
v  1.41421402 0 0.25
v  1.41421402 0 0.5
v  1.23743725 -0.176776752 0.5
v  1.23743725 -0.176776752 0.75
v  1.06066048 -0.353553504 0.75
v  1.41421402 0 0.75
v  0.883883715 -0.530330241 0.75
v  0.707107008 -0.707107008 0.75
v  0.176776752 -1.23743725 0.25
v  0 -1.41421402 0.25
v  0.353553504 -1.06066048 0.25
v  0.353553504 -1.06066048 0.5
v  0.176776752 -1.23743725 0.5
v  0 -1.41421402 0.5
v  0.530330241 -0.883883715 0.25
v  0.530330241 -0.883883715 0.5
v  0.530330241 -0.883883715 0.75
v  0.353553504 -1.06066048 0.75
v  0.176776752 -1.23743725 0.75
v  0 -1.41421402 0.75
v  1.23743725 0.176776752 0.75
v  1.23743725 0.176776752 0.5
v  1.06066048 0.353553504 0.5
v  1.06066048 0.353553504 0.75
v  1.23743725 0.176776752 0.25
v  1.23743725 0.176776752 0
v  1.06066048 0.353553504 0
v  1.06066048 0.353553504 0.25
v  0.883883774 0.530330241 0.25
v  0.883883715 0.530330241 0.5
v  0.883883715 0.530330241 0
v  0.707107008 0.707107008 0
v  0.707107008 0.707107008 0.25
v  0.707107008 0.707107008 0.5
v  0.883883774 0.530330241 0.75
v  0.707107008 0.707107008 0.75
v  1.23743725 0.176776752 -0.25
v  1.23743725 0.176776752 -0.5
v  1.06066048 0.353553504 -0.5
v  1.06066048 0.353553504 -0.25
v  1.23743725 0.176776752 -0.75
v  1.06066048 0.353553504 -0.75
v  0.883883774 0.530330241 -0.75
v  0.883883715 0.530330241 -0.5
v  0.707107008 0.707107008 -0.75
v  0.707107008 0.707107008 -0.5
v  0.883883774 0.530330241 -0.25
v  0.707107008 0.707107008 -0.25
v  0.530330241 0.883883715 -0.25
v  0.530330241 0.883883715 0
v  0.530330241 0.883883715 -0.5
v  0.353553504 1.06066048 -0.5
v  0.353553504 1.06066048 -0.25
v  0.353553504 1.06066048 0
v  0.530330241 0.883883715 -0.75
v  0.353553504 1.06066048 -0.75
v  0.176776752 1.23743725 -0.75
v  0.176776752 1.23743725 -0.5
v  0.176776752 1.23743725 -0.25
v  0.176776752 1.23743725 0
v  0.530330241 0.883883715 0.75
v  0.530330241 0.883883715 0.5
v  0.353553504 1.06066048 0.5
v  0.353553504 1.06066048 0.75
v  0.530330241 0.883883715 0.25
v  0.353553504 1.06066048 0.25
v  0.176776752 1.23743725 0.25
v  0.176776752 1.23743725 0.5
v  0.176776752 1.23743725 0.75
v  -0.176776752 -1.23743725 -0.75
v  -0.176776752 -1.23743725 -0.5
v  -0.353553504 -1.06066048 -0.5
v  -0.353553504 -1.06066048 -0.75
v  -0.176776752 -1.23743725 -0.25
v  -0.176776752 -1.23743725 0
v  -0.353553504 -1.06066048 0
v  -0.353553504 -1.06066048 -0.25
v  -0.530330241 -0.883883774 -0.25
v  -0.530330241 -0.883883715 -0.5
v  -0.530330241 -0.883883715 0
v  -0.707107008 -0.707107008 0
v  -0.707107008 -0.707107008 -0.25
v  -0.707107008 -0.707107008 -0.5
v  -0.530330241 -0.883883774 -0.75
v  -0.707107008 -0.707107008 -0.75
v  -0.176776752 -1.23743725 0.25
v  -0.176776752 -1.23743725 0.5
v  -0.353553504 -1.06066048 0.5
v  -0.353553504 -1.06066048 0.25
v  -0.176776752 -1.23743725 0.75
v  -0.353553504 -1.06066048 0.75
v  -0.530330241 -0.883883774 0.75
v  -0.530330241 -0.883883715 0.5
v  -0.707107008 -0.707107008 0.75
v  -0.707107008 -0.707107008 0.5
v  -0.530330241 -0.883883774 0.25
v  -0.707107008 -0.707107008 0.25
v  -0.883883715 -0.530330241 0.25
v  -0.883883715 -0.530330241 0
v  -0.883883715 -0.530330241 0.5
v  -1.06066048 -0.353553504 0.5
v  -1.06066048 -0.353553504 0.25
v  -1.06066048 -0.353553504 0
v  -0.883883715 -0.530330241 0.75
v  -1.06066048 -0.353553504 0.75
v  -1.23743725 -0.176776752 0.75
v  -1.23743725 -0.176776752 0.5
v  -1.23743725 -0.176776752 0.25
v  -1.23743725 -0.176776752 0
v  -0.883883715 -0.530330241 -0.75
v  -0.883883715 -0.530330241 -0.5
v  -1.06066048 -0.353553504 -0.5
v  -1.06066048 -0.353553504 -0.75
v  -0.883883715 -0.530330241 -0.25
v  -1.06066048 -0.353553504 -0.25
v  -1.23743725 -0.176776752 -0.25
v  -1.23743725 -0.176776752 -0.5
v  -1.23743725 -0.176776752 -0.75
s off
f 1 2 3 4
f 2 5 6 3
f 3 6 7 8
f 4 3 8 9
f 5 10 11 6
f 10 12 13 11
f 11 13 14 15
f 6 11 15 7
f 7 15 16 17
f 15 14 18 16
f 16 18 19 20
f 17 16 20 21
f 9 8 22 23
f 8 7 17 22
f 22 17 21 24
f 23 22 24 25
f 12 26 27 13
f 26 28 29 27
f 27 29 30 31
f 13 27 31 14
f 28 32 33 29
f 32 34 35 33
f 33 35 36 37
f 29 33 37 30
f 30 37 38 39
f 37 36 40 38
f 38 40 41 42
f 39 38 42 43
f 14 31 44 18
f 31 30 39 44
f 44 39 43 45
f 18 44 45 19
f 19 45 46 47
f 45 43 48 46
f 46 48 49 50
f 47 46 50 51
f 43 42 52 48
f 42 41 53 52
f 52 53 54 55
f 48 52 55 49
f 49 55 56 57
f 55 54 58 56
f 56 58 59 60
f 57 56 60 61
f 51 50 62 63
f 50 49 57 62
f 62 57 61 64
f 63 62 64 65
f 25 24 66 67
f 24 21 68 66
f 66 68 69 70
f 67 66 70 71
f 21 20 72 68
f 20 19 47 72
f 72 47 51 73
f 68 72 73 69
f 69 73 74 75
f 73 51 63 74
f 74 63 65 76
f 75 74 76 77
f 71 70 78 79
f 70 69 75 78
f 78 75 77 80
f 79 78 80 81
f 81 80 82 83
f 80 77 84 82
f 82 84 85 86
f 83 82 86 87
f 77 76 88 84
f 76 65 89 88
f 88 89 90 91
f 84 88 91 85
f 85 91 92 93
f 91 90 94 92
f 92 94 95 96
f 93 92 96 97
f 87 86 98 99
f 86 85 93 98
f 98 93 97 100
f 99 98 100 101
f 65 64 102 89
f 64 61 103 102
f 102 103 104 105
f 89 102 105 90
f 61 60 106 103
f 60 59 107 106
f 106 107 108 109
f 103 106 109 104
f 104 109 110 111
f 109 108 112 110
f 110 112 113 114
f 111 110 114 115
f 90 105 116 94
f 105 104 111 116
f 116 111 115 117
f 94 116 117 95
f 95 117 118 119
f 117 115 120 118
f 118 120 121 122
f 119 118 122 123
f 115 114 124 120
f 114 113 125 124
f 124 125 126 127
f 120 124 127 121
f 121 127 128 129
f 127 126 130 128
f 128 130 131 132
f 129 128 132 133
f 123 122 134 135
f 122 121 129 134
f 134 129 133 136
f 135 134 136 137
f 101 100 138 139
f 100 97 140 138
f 138 140 141 142
f 139 138 142 143
f 97 96 144 140
f 96 95 119 144
f 144 119 123 145
f 140 144 145 141
f 141 145 146 147
f 145 123 135 146
f 146 135 137 148
f 147 146 148 149
f 143 142 150 151
f 142 141 147 150
f 150 147 149 152
f 151 150 152 153
f 153 152 154 155
f 152 149 156 154
f 154 156 157 158
f 155 154 158 159
f 149 148 160 156
f 148 137 161 160
f 160 161 162 163
f 156 160 163 157
f 157 163 164 165
f 163 162 166 164
f 164 166 167 168
f 165 164 168 169
f 159 158 170 171
f 158 157 165 170
f 170 165 169 172
f 171 170 172 173
f 137 136 174 161
f 136 133 175 174
f 174 175 176 177
f 161 174 177 162
f 133 132 178 175
f 132 131 179 178
f 178 179 180 181
f 175 178 181 176
f 176 181 182 183
f 181 180 184 182
f 182 184 185 186
f 183 182 186 187
f 162 177 188 166
f 177 176 183 188
f 188 183 187 189
f 166 188 189 167
f 167 189 190 191
f 189 187 192 190
f 190 192 193 194
f 191 190 194 195
f 187 186 196 192
f 186 185 197 196
f 196 197 198 199
f 192 196 199 193
f 193 199 200 201
f 199 198 202 200
f 200 202 203 204
f 201 200 204 205
f 195 194 206 207
f 194 193 201 206
f 206 201 205 208
f 207 206 208 209
f 173 172 210 211
f 172 169 212 210
f 210 212 213 214
f 211 210 214 215
f 169 168 216 212
f 168 167 191 216
f 216 191 195 217
f 212 216 217 213
f 213 217 218 219
f 217 195 207 218
f 218 207 209 220
f 219 218 220 221
f 215 214 222 223
f 214 213 219 222
f 222 219 221 224
f 223 222 224 225
f 225 224 226 227
f 224 221 228 226
f 226 228 229 230
f 227 226 230 231
f 221 220 232 228
f 220 209 233 232
f 232 233 234 235
f 228 232 235 229
f 229 235 236 237
f 235 234 238 236
f 236 238 239 240
f 237 236 240 241
f 231 230 242 243
f 230 229 237 242
f 242 237 241 244
f 243 242 244 245
f 209 208 246 233
f 208 205 247 246
f 246 247 248 249
f 233 246 249 234
f 205 204 250 247
f 204 203 251 250
f 250 251 252 253
f 247 250 253 248
f 248 253 254 255
f 253 252 256 254
f 254 256 257 258
f 255 254 258 259
f 234 249 260 238
f 249 248 255 260
f 260 255 259 261
f 238 260 261 239
f 239 261 262 263
f 261 259 264 262
f 262 264 265 266
f 263 262 266 267
f 259 258 268 264
f 258 257 269 268
f 268 269 270 271
f 264 268 271 265
f 265 271 272 273
f 271 270 274 272
f 272 274 34 32
f 273 272 32 28
f 267 266 275 276
f 266 265 273 275
f 275 273 28 26
f 276 275 26 12
f 245 244 277 278
f 244 241 279 277
f 277 279 280 281
f 278 277 281 282
f 241 240 283 279
f 240 239 263 283
f 283 263 267 284
f 279 283 284 280
f 280 284 285 286
f 284 267 276 285
f 285 276 12 10
f 286 285 10 5
f 282 281 287 288
f 281 280 286 287
f 287 286 5 2
f 288 287 2 1
f 34 274 289 35
f 274 270 290 289
f 289 290 291 292
f 35 289 292 36
f 270 269 293 290
f 269 257 294 293
f 293 294 295 296
f 290 293 296 291
f 291 296 297 298
f 296 295 299 297
f 297 299 300 301
f 298 297 301 302
f 36 292 303 40
f 292 291 298 303
f 303 298 302 304
f 40 303 304 41
f 257 256 305 294
f 256 252 306 305
f 305 306 307 308
f 294 305 308 295
f 252 251 309 306
f 251 203 202 309
f 309 202 198 310
f 306 309 310 307
f 307 310 311 312
f 310 198 197 311
f 311 197 185 313
f 312 311 313 314
f 295 308 315 299
f 308 307 312 315
f 315 312 314 316
f 299 315 316 300
f 300 316 317 318
f 316 314 319 317
f 317 319 320 321
f 318 317 321 322
f 314 313 323 319
f 313 185 184 323
f 323 184 180 324
f 319 323 324 320
f 320 324 325 326
f 324 180 179 325
f 325 179 131 130
f 326 325 130 126
f 322 321 327 328
f 321 320 326 327
f 327 326 126 125
f 328 327 125 113
f 41 304 329 53
f 304 302 330 329
f 329 330 331 332
f 53 329 332 54
f 302 301 333 330
f 301 300 318 333
f 333 318 322 334
f 330 333 334 331
f 331 334 335 336
f 334 322 328 335
f 335 328 113 112
f 336 335 112 108
f 54 332 337 58
f 332 331 336 337
f 337 336 108 107
f 58 337 107 59
f 225 227 338 223
f 227 231 339 338
f 338 339 340 341
f 223 338 341 215
f 231 243 342 339
f 243 245 343 342
f 342 343 344 345
f 339 342 345 340
f 340 345 346 347
f 345 344 348 346
f 346 348 349 350
f 347 346 350 351
f 215 341 352 211
f 341 340 347 352
f 352 347 351 353
f 211 352 353 173
f 245 278 354 343
f 278 282 355 354
f 354 355 356 357
f 343 354 357 344
f 282 288 358 355
f 288 1 4 358
f 358 4 9 359
f 355 358 359 356
f 356 359 360 361
f 359 9 23 360
f 360 23 25 362
f 361 360 362 363
f 344 357 364 348
f 357 356 361 364
f 364 361 363 365
f 348 364 365 349
f 349 365 366 367
f 365 363 368 366
f 366 368 369 370
f 367 366 370 371
f 363 362 372 368
f 362 25 67 372
f 372 67 71 373
f 368 372 373 369
f 369 373 374 375
f 373 71 79 374
f 374 79 81 83
f 375 374 83 87
f 371 370 376 377
f 370 369 375 376
f 376 375 87 99
f 377 376 99 101
f 173 353 378 171
f 353 351 379 378
f 378 379 380 381
f 171 378 381 159
f 351 350 382 379
f 350 349 367 382
f 382 367 371 383
f 379 382 383 380
f 380 383 384 385
f 383 371 377 384
f 384 377 101 139
f 385 384 139 143
f 159 381 386 155
f 381 380 385 386
f 386 385 143 151
f 155 386 151 153

