# This file uses centimeters as units for non-parametric coordinates.
v  0 0 0.974609375
v  0.192708343 -0.192708343 0.940104127
v  0.192708343 0.192708343 0.940104127
v  -0.192708343 0.192708343 0.940104127
v  -0.192708343 -0.192708343 0.940104127
v  0 -0.1953125 0.957031131
v  0.1953125 0 0.957031131
v  0 -0.387207091 0.905273497
v  -0.184895843 -0.563802123 0.807291687
v  0.184895843 -0.563802123 0.807291687
v  0.188151062 -0.381835967 0.889973938
v  0.37133792 -0.37133792 0.844636202
v  0.520833373 -0.520833373 0.709490776
v  0.563802123 -0.184895843 0.807291687
v  0.381835967 -0.188151062 0.889973938
v  0.387207091 0 0.905273497
v  0.563802123 0.184895843 0.807291687
v  0 -0.572265625 0.82031256
v  0 -0.747070253 0.70312506
v  -0.195312515 -0.891927123 0.546875
v  0.195312515 -0.891927123 0.546875
v  0.186197937 -0.735026121 0.692708373
v  0.361165434 -0.704427004 0.664496541
v  0.544270873 -0.778645873 0.501157403
v  0.361328155 -0.544596374 0.769820631
v  0.544596374 -0.361328155 0.769820631
v  0.513671875 -0.660807312 0.621527791
v  0.619212985 -0.619212985 0.57831794
v  0.778645873 -0.544270873 0.501157463
v  0.660807312 -0.513671875 0.621527851
v  0.704427004 -0.361165404 0.664496601
v  0.891927123 -0.195312515 0.546875
v  0.572265625 0 0.82031256
v  0.735026121 -0.186197937 0.692708373
v  0.747070253 -9.31322575e-10 0.70312506
v  0.891927123 0.195312515 0.546875
v  0 -1.34375 0
v  0.25 -1.3125 0
v  0.229166672 -1.17708337 0.192708343
v  0 -1.1875 0
v  0 -1.20312512 0.1953125
v  -0.229166672 -1.17708337 0.192708343
v  0.4921875 -1.2265625 0
v  0.450520873 -1.10416675 0.187500015
v  0.65625006 -0.989583373 0.182291672
v  0.412109405 -0.978759646 0.366283268
v  0.210286468 -1.03808606 0.377604187
v  0 -1.05908203 0.38281253
v  0.71875 -1.09375 0
v  0.4765625 -0.8828125 0
v  0.921875 -0.921875 0
v  0.838541746 -0.838541687 0.179687515
v  0.989583373 -0.65625 0.182291672
v  0.757161438 -0.757161438 0.346137136
v  0.597005248 -0.884765625 0.353153944
v  0.380208373 -0.847330809 0.527633071
v  0.6796875 -0.6796875 0.486111164
v  0 -0.908203125 0.5546875
v  1.34375 0 0
v  1.20312512 0 0.1953125
v  1.17708337 -0.229166672 0.192708343
v  1.17708337 0.229166672 0.192708343
v  1.3125 -0.25 0
v  1.1875 0 0
v  1.05908203 0 0.38281253
v  1.03808606 -0.210286468 0.377604187
v  0.978759646 -0.412109405 0.366283238
v  1.10416675 -0.450520843 0.187500015
v  1.2265625 -0.4921875 0
v  0.908203244 0 0.5546875
v  0.847330809 -0.380208373 0.527633131
v  0.884765625 -0.597005248 0.353153944
v  1.09375 -0.71875 0
v  0.8828125 -0.4765625 0
v  0 0.1953125 0.957031131
v  0.381835967 0.188151062 0.889973938
v  0.37133792 0.37133792 0.844636202
v  0.520833373 0.520833373 0.709490776
v  0.184895843 0.563802123 0.807291687
v  0.188151062 0.381835967 0.889973938
v  0 0.387207091 0.905273497
v  -0.184895843 0.563802123 0.807291687
v  0.735026121 0.186197937 0.692708373
v  0.704427004 0.361165434 0.664496541
v  0.778645873 0.544270873 0.501157403
v  0.544596374 0.361328155 0.769820631
v  0.361328155 0.544596374 0.769820631
v  0.660807312 0.513671875 0.621527791
v  0.619212985 0.619212985 0.57831794
v  0.544270873 0.778645873 0.501157463
v  0.513671875 0.660807312 0.621527851
v  0.361165404 0.704427004 0.664496601
v  0.195312515 0.891927123 0.546875
v  0 0.572265625 0.82031256
v  0.186197937 0.735026121 0.692708373
v  9.31322575e-10 0.747070253 0.70312506
v  -0.195312515 0.891927123 0.546875
v  1.3125 0.25 0
v  1.2265625 0.4921875 0
v  1.10416675 0.450520873 0.187500015
v  0.989583373 0.65625006 0.182291672
v  0.978759646 0.412109405 0.366283268
v  1.03808606 0.210286468 0.377604187
v  1.09375 0.71875 0
v  0.8828125 0.4765625 0
v  0.921875 0.921875 0
v  0.838541687 0.838541746 0.179687515
v  0.65625 0.989583373 0.182291672
v  0.757161438 0.757161438 0.346137136
v  0.884765625 0.597005248 0.353153944
v  0.847330809 0.380208373 0.527633071
v  0.6796875 0.6796875 0.486111164
v  0 1.34375 0
v  0 1.20312512 0.1953125
v  0.229166672 1.17708337 0.192708343
v  -0.229166672 1.17708337 0.192708343
v  0.25 1.3125 0
v  0 1.1875 0
v  0 1.05908203 0.38281253
v  0.210286468 1.03808606 0.377604187
v  0.412109405 0.978759646 0.366283238
v  0.450520843 1.10416675 0.187500015
v  0.4921875 1.2265625 0
v  0 0.908203244 0.5546875
v  0.380208373 0.847330809 0.527633131
v  0.597005248 0.884765625 0.353153944
v  0.71875 1.09375 0
v  0.4765625 0.8828125 0
v  -0.1953125 0 0.957031131
v  -0.188151062 0.381835967 0.889973938
v  -0.37133792 0.37133792 0.844636202
v  -0.520833373 0.520833373 0.709490776
v  -0.563802123 0.184895843 0.807291687
v  -0.381835967 0.188151062 0.889973938
v  -0.387207091 0 0.905273497
v  -0.563802123 -0.184895843 0.807291687
v  -0.186197937 0.735026121 0.692708373
v  -0.361165434 0.704427004 0.664496541
v  -0.544270873 0.778645873 0.501157403
v  -0.361328155 0.544596374 0.769820631
v  -0.544596374 0.361328155 0.769820631
v  -0.513671875 0.660807312 0.621527791
v  -0.619212985 0.619212985 0.57831794
v  -0.778645873 0.544270873 0.501157463
v  -0.660807312 0.513671875 0.621527851
v  -0.704427004 0.361165404 0.664496601
v  -0.891927123 0.195312515 0.546875
v  -0.572265625 0 0.82031256
v  -0.735026121 0.186197937 0.692708373
v  -0.747070253 9.31322575e-10 0.70312506
v  -0.891927123 -0.195312515 0.546875
v  -0.25 1.3125 0
v  -0.4921875 1.2265625 0
v  -0.450520873 1.10416675 0.187500015
v  -0.65625006 0.989583373 0.182291672
v  -0.412109405 0.978759646 0.366283268
v  -0.210286468 1.03808606 0.377604187
v  -0.71875 1.09375 0
v  -0.4765625 0.8828125 0
v  -0.921875 0.921875 0
v  -0.838541746 0.838541687 0.179687515
v  -0.989583373 0.65625 0.182291672
v  -0.757161438 0.757161438 0.346137136
v  -0.597005248 0.884765625 0.353153944
v  -0.380208373 0.847330809 0.527633071
v  -0.6796875 0.6796875 0.486111164
v  -1.34375 0 0
v  -1.20312512 0 0.1953125
v  -1.17708337 0.229166672 0.192708343
v  -1.17708337 -0.229166672 0.192708343
v  -1.3125 0.25 0
v  -1.1875 0 0
v  -1.05908203 0 0.38281253
v  -1.03808606 0.210286468 0.377604187
v  -0.978759646 0.412109405 0.366283238
v  -1.10416675 0.450520843 0.187500015
v  -1.2265625 0.4921875 0
v  -0.908203244 0 0.5546875
v  -0.847330809 0.380208373 0.527633131
v  -0.884765625 0.597005248 0.353153944
v  -1.09375 0.71875 0
v  -0.8828125 0.4765625 0
v  -0.381835967 -0.188151062 0.889973938
v  -0.37133792 -0.37133792 0.844636202
v  -0.520833373 -0.520833373 0.709490776
v  -0.188151062 -0.381835967 0.889973938
v  -0.735026121 -0.186197937 0.692708373
v  -0.704427004 -0.361165434 0.664496541
v  -0.778645873 -0.544270873 0.501157403
v  -0.544596374 -0.361328155 0.769820631
v  -0.361328155 -0.544596374 0.769820631
v  -0.660807312 -0.513671875 0.621527791
v  -0.619212985 -0.619212985 0.57831794
v  -0.544270873 -0.778645873 0.501157463
v  -0.513671875 -0.660807312 0.621527851
v  -0.361165404 -0.704427004 0.664496601
v  -0.186197937 -0.735026121 0.692708373
v  -1.3125 -0.25 0
v  -1.2265625 -0.4921875 0
v  -1.10416675 -0.450520873 0.187500015
v  -0.989583373 -0.65625006 0.182291672
v  -0.978759646 -0.412109405 0.366283268
v  -1.03808606 -0.210286468 0.377604187
v  -1.09375 -0.71875 0
v  -0.8828125 -0.4765625 0
v  -0.921875 -0.921875 0
v  -0.838541687 -0.838541746 0.179687515
v  -0.65625 -0.989583373 0.182291672
v  -0.757161438 -0.757161438 0.346137136
v  -0.884765625 -0.597005248 0.353153944
v  -0.847330809 -0.380208373 0.527633071
v  -0.6796875 -0.6796875 0.486111164
v  -0.25 -1.3125 0
v  -0.210286468 -1.03808606 0.377604187
v  -0.412109405 -0.978759646 0.366283238
v  -0.450520843 -1.10416675 0.187500015
v  -0.4921875 -1.2265625 0
v  -0.380208373 -0.847330809 0.527633131
v  -0.597005248 -0.884765625 0.353153944
v  -0.71875 -1.09375 0
v  -0.4765625 -0.8828125 0
v  -1.04882812 0.244140625 0
v  -0.865234375 0 0
v  -0.453125 0 0
v  -1.04882812 -0.244140625 0
v  -0.69140625 0.69140625 0
v  -0.4609375 0.4609375 0
v  0 0.453125 0
v  -0.669921875 0.236328125 0
v  -0.669921875 -0.236328125 0
v  -0.23046875 0.23046875 0
v  0 0 0
v  0.453125 0 0
v  0 -0.453125 0
v  -0.23046875 -0.23046875 0
v  -0.4609375 -0.4609375 0
v  -0.69140625 -0.69140625 0
v  -0.244140625 1.04882812 0
v  0 0.865234375 0
v  -0.236328125 0.669921875 0
v  0.244140625 1.04882812 0
v  0.236328125 0.669921875 0
v  0.69140625 0.69140625 0
v  0.4609375 0.4609375 0
v  0.23046875 0.23046875 0
v  0.23046875 -0.23046875 0
v  0.669921875 0.236328125 0
v  0.865234375 0 0
v  0.669921875 -0.236328125 0
v  0.4609375 -0.4609375 0
v  1.04882812 0.244140625 0
v  1.04882812 -0.244140625 0
v  0.69140625 -0.69140625 0
v  -0.236328125 -0.669921875 0
v  0 -0.865234375 0
v  -0.244140625 -1.04882812 0
v  0.236328125 -0.669921875 0
v  0.244140625 -1.04882812 0
s off
f 1 6 2 7
f 6 8 11 2
f 2 11 12 15
f 7 2 15 16
f 8 18 10 11
f 18 19 22 10
f 10 22 23 25
f 11 10 25 12
f 12 25 13 26
f 25 23 27 13
f 13 27 28 30
f 26 13 30 31
f 16 15 14 33
f 15 12 26 14
f 14 26 31 34
f 33 14 34 35
f 37 38 39 41
f 38 43 44 39
f 39 44 46 47
f 41 39 47 48
f 43 49 45 44
f 49 51 52 45
f 45 52 54 55
f 44 45 55 46
f 46 55 24 56
f 55 54 57 24
f 24 57 28 27
f 56 24 27 23
f 48 47 21 58
f 47 46 56 21
f 21 56 23 22
f 58 21 22 19
f 59 60 61 63
f 60 65 66 61
f 61 66 67 68
f 63 61 68 69
f 65 70 32 66
f 70 35 34 32
f 32 34 31 71
f 66 32 71 67
f 67 71 29 72
f 71 31 30 29
f 29 30 28 57
f 72 29 57 54
f 69 68 53 73
f 68 67 72 53
f 53 72 54 52
f 73 53 52 51
f 1 7 3 75
f 7 16 76 3
f 3 76 77 80
f 75 3 80 81
f 16 33 17 76
f 33 35 83 17
f 17 83 84 86
f 76 17 86 77
f 77 86 78 87
f 86 84 88 78
f 78 88 89 91
f 87 78 91 92
f 81 80 79 94
f 80 77 87 79
f 79 87 92 95
f 94 79 95 96
f 59 98 62 60
f 98 99 100 62
f 62 100 102 103
f 60 62 103 65
f 99 104 101 100
f 104 106 107 101
f 101 107 109 110
f 100 101 110 102
f 102 110 85 111
f 110 109 112 85
f 85 112 89 88
f 111 85 88 84
f 65 103 36 70
f 103 102 111 36
f 36 111 84 83
f 70 36 83 35
f 113 114 115 117
f 114 119 120 115
f 115 120 121 122
f 117 115 122 123
f 119 124 93 120
f 124 96 95 93
f 93 95 92 125
f 120 93 125 121
f 121 125 90 126
f 125 92 91 90
f 90 91 89 112
f 126 90 112 109
f 123 122 108 127
f 122 121 126 108
f 108 126 109 107
f 127 108 107 106
f 1 75 4 129
f 75 81 130 4
f 4 130 131 134
f 129 4 134 135
f 81 94 82 130
f 94 96 137 82
f 82 137 138 140
f 130 82 140 131
f 131 140 132 141
f 140 138 142 132
f 132 142 143 145
f 141 132 145 146
f 135 134 133 148
f 134 131 141 133
f 133 141 146 149
f 148 133 149 150
f 113 152 116 114
f 152 153 154 116
f 116 154 156 157
f 114 116 157 119
f 153 158 155 154
f 158 160 161 155
f 155 161 163 164
f 154 155 164 156
f 156 164 139 165
f 164 163 166 139
f 139 166 143 142
f 165 139 142 138
f 119 157 97 124
f 157 156 165 97
f 97 165 138 137
f 124 97 137 96
f 167 168 169 171
f 168 173 174 169
f 169 174 175 176
f 171 169 176 177
f 173 178 147 174
f 178 150 149 147
f 147 149 146 179
f 174 147 179 175
f 175 179 144 180
f 179 146 145 144
f 144 145 143 166
f 180 144 166 163
f 177 176 162 181
f 176 175 180 162
f 162 180 163 161
f 181 162 161 160
f 1 129 5 6
f 129 135 183 5
f 5 183 184 186
f 6 5 186 8
f 135 148 136 183
f 148 150 187 136
f 136 187 188 190
f 183 136 190 184
f 184 190 185 191
f 190 188 192 185
f 185 192 193 195
f 191 185 195 196
f 8 186 9 18
f 186 184 191 9
f 9 191 196 197
f 18 9 197 19
f 167 198 170 168
f 198 199 200 170
f 170 200 202 203
f 168 170 203 173
f 199 204 201 200
f 204 206 207 201
f 201 207 209 210
f 200 201 210 202
f 202 210 189 211
f 210 209 212 189
f 189 212 193 192
f 211 189 192 188
f 173 203 151 178
f 203 202 211 151
f 151 211 188 187
f 178 151 187 150
f 37 41 42 213
f 41 48 214 42
f 42 214 215 216
f 213 42 216 217
f 48 58 20 214
f 58 19 197 20
f 20 197 196 218
f 214 20 218 215
f 215 218 194 219
f 218 196 195 194
f 194 195 193 212
f 219 194 212 209
f 217 216 208 220
f 216 215 219 208
f 208 219 209 207
f 220 208 207 206
f 167 171 172 198
f 171 177 222 172
f 172 222 223 225
f 198 172 225 199
f 177 181 182 222
f 181 160 226 182
f 182 226 227 229
f 222 182 229 223
f 223 229 224 230
f 229 227 231 224
f 224 231 232 235
f 230 224 235 236
f 199 225 205 204
f 225 223 230 205
f 205 230 236 237
f 204 205 237 206
f 160 158 159 226
f 158 153 238 159
f 159 238 239 240
f 226 159 240 227
f 153 152 118 238
f 152 113 117 118
f 118 117 123 241
f 238 118 241 239
f 239 241 128 242
f 241 123 127 128
f 128 127 106 243
f 242 128 243 244
f 227 240 228 231
f 240 239 242 228
f 228 242 244 245
f 231 228 245 232
f 232 245 233 246
f 245 244 247 233
f 233 247 248 249
f 246 233 249 250
f 244 243 105 247
f 243 106 104 105
f 105 104 99 251
f 247 105 251 248
f 248 251 64 252
f 251 99 98 64
f 64 98 59 63
f 252 64 63 69
f 250 249 74 253
f 249 248 252 74
f 74 252 69 73
f 253 74 73 51
f 206 237 221 220
f 237 236 254 221
f 221 254 255 256
f 220 221 256 217
f 236 235 234 254
f 235 232 246 234
f 234 246 250 257
f 254 234 257 255
f 255 257 50 258
f 257 250 253 50
f 50 253 51 49
f 258 50 49 43
f 217 256 40 213
f 256 255 258 40
f 40 258 43 38
f 213 40 38 37

