# This file uses centimeters as units for non-parametric coordinates.
v  -1.84375 0 0
v  -1.8125 -0.125 0
v  -1.71875 0 0
v  -1.8125 0.125 0
v  -1.734375 -0.25 0
v  -1.6171875 -0.125 0
v  -1.5 -0.25 0
v  -1.49804688 0 0.000244140625
v  -1.25 0 0.00390625
v  -1.5 0.25 0
v  -1.6171875 0.125 0
v  -1.734375 0.25 0
v  -1.625 -0.375 0
v  -1.5 -0.5 0
v  -1.375 -0.375 0
v  -1.25 -0.5 0
v  -1.25 -0.25 0.00244140625
v  -1 -0.25 0.01953125
v  -1.375 -0.125 0.0009765625
v  -1.375 0.125 0.0009765625
v  -1.125 -0.125 0.009765625
v  -1 0 0.0244140625
v  -0.75 0 0.09765625
v  -1 0.25 0.01953125
v  -1.125 0.125 0.009765625
v  -1.25 0.25 0.00244140625
v  -1.25 0.5 0
v  -1.625 0.375 0
v  -1.375 0.375 0
v  -1.5 0.5 0
v  1.5 0.5 0
v  1.375 0.375 0
v  1.5 0.25 0
v  1.25 0.5 0
v  1.625 0.375 0
v  1.25 0.25 0.015625
v  1 0.25 0.0625
v  1.25 0 0.0625
v  1.375 0.125 0.015625
v  1.49804688 0 0.015625
v  1.5 -0.25 0.0625
v  1.71875 0 0
v  1.6171875 0.125 0
v  1.734375 0.25 0
v  1.125 0.125 0.0625
v  1 0 0.15625
v  0.75 0 0.3125
v  1 -0.25 0.3125
v  1.125 -0.125 0.15625
v  1.25 -0.25 0.15625
v  1.25 -0.5 0.3125
v  1.375 -0.125 0.0625
v  1.6171875 -0.125 0.015625
v  1.375 -0.375 0.15625
v  1.5 -0.5 0.15625
v  1.625 -0.375 0.0625
v  1.734375 -0.25 0.015625
v  1.8125 0.125 0
v  1.8125 -0.125 0
v  1.84375 0 0
v  0.5 -1.5 0.15625
v  0.375 -1.375 0.15625
v  0.25 -1.5 0.0625
v  0.5 -1.25 0.3125
v  0.375 -1.625 0.0625
v  0.25 -1.25 0.15625
v  0.25 -1 0.3125
v  0 -1.25 0.0625
v  0.125 -1.375 0.0625
v  0 -1.49804688 0.015625
v  -0.25 -1.5 0
v  0 -1.71875 0
v  0.125 -1.6171875 0.015625
v  0.25 -1.734375 0.015625
v  0.125 -1.125 0.15625
v  0 -1 0.15625
v  0 -0.75 0.3125
v  -0.25 -1 0.0625
v  -0.125 -1.125 0.0625
v  -0.25 -1.25 0.015625
v  -0.5 -1.25 0
v  -0.125 -1.375 0.015625
v  -0.125 -1.6171875 0
v  -0.375 -1.375 0
v  -0.5 -1.5 0
v  -0.375 -1.625 0
v  -0.25 -1.734375 0
v  0.125 -1.8125 0
v  -0.125 -1.8125 0
v  0 -1.84375 0
v  1 -1 1
v  0.875 -0.875 1
v  0.75 -1 0.75
v  1 -0.75 0.75
v  0.875 -1.125 0.75
v  0.75 -0.75 1
v  0.625 -0.875 0.75
v  0.5 -0.75 0.75
v  0.5 -1 0.515625
v  0.625 -1.125 0.515625
v  0.75 -1.25 0.515625
v  0.625 -0.625 1
v  0.75 -0.5 0.75
v  0.5 -0.5 1
v  0.375 -0.625 0.75
v  0.25 -0.5 0.75
v  0.25 -0.75 0.515625
v  0.375 -0.875 0.515625
v  0.375 -1.125 0.3125
v  0.125 -0.875 0.3125
v  0.625 -1.375 0.3125
v  1.375 -0.625 0.3125
v  1.125 -0.375 0.3125
v  1 -0.5 0.515625
v  1.125 -0.625 0.515625
v  1.25 -0.75 0.515625
v  0.875 -0.125 0.3125
v  0.75 -0.25 0.515625
v  0.5 -0.25 0.75
v  0.875 -0.375 0.515625
v  0.875 -0.625 0.75
v  0.625 -0.375 0.75
v  1.125 -0.875 0.75
v  1 1 0
v  0.875 0.875 0
v  1 0.75 0
v  0.75 1 0
v  1.125 0.875 0
v  0.75 0.75 0.0131835938
v  0.5 0.75 0.04296875
v  0.75 0.5 0.05859375
v  0.875 0.625 0.0146484375
v  1 0.5 0.0153808594
v  1.125 0.625 0
v  1.25 0.75 0
v  0.625 0.625 0.052734375
v  0.5 0.5 0.131835938
v  0.25 0.5 0.21484375
v  0.5 0.25 0.29296875
v  0.625 0.375 0.146484375
v  0.75 0.25 0.153808594
v  0.875 0.375 0.0615234375
v  1.125 0.375 0.015625
v  0.875 0.125 0.15625
v  1.375 0.625 0
v  -0.125 -0.875 0.15625
v  -0.25 -0.75 0.153808594
v  -0.25 -0.5 0.29296875
v  -0.5 -0.75 0.05859375
v  -0.375 -0.875 0.0615234375
v  -0.5 -1 0.0153808594
v  -0.75 -1 0
v  -0.375 -1.125 0.015625
v  -0.375 -0.625 0.146484375
v  -0.5 -0.5 0.131835938
v  -0.5 -0.25 0.21484375
v  -0.75 -0.5 0.04296875
v  -0.625 -0.625 0.052734375
v  -0.75 -0.75 0.0131835938
v  -1 -0.75 0
v  -0.625 -0.875 0.0146484375
v  -0.625 -1.125 0
v  -0.875 -0.875 0
v  -1 -1 0
v  -0.875 -1.125 0
v  -0.75 -1.25 0
v  -0.625 -1.375 0
v  0.375 -0.375 1
v  0.25 -0.25 0.95703125
v  0.125 -0.375 0.724609375
v  0 -0.25 0.6484375
v  0 -0.5 0.504150391
v  0.125 -0.625 0.515625
v  0.125 -0.125 0.828125
v  0.25 0 0.6484375
v  0 0 0.603515625
v  0 0.25 0.4296875
v  -0.25 0 0.4296875
v  -0.125 -0.125 0.54296875
v  -0.25 -0.25 0.412597656
v  -0.125 -0.375 0.469726562
v  -0.125 -0.625 0.307617188
v  -0.375 -0.375 0.263671875
v  0.625 0.125 0.307617188
v  0.5 0 0.504150391
v  0.625 -0.125 0.515625
v  0.375 0.375 0.263671875
v  0.25 0.25 0.412597656
v  0.375 0.125 0.469726562
v  0.375 -0.125 0.724609375
v  0.125 0.125 0.54296875
v  0.5 1.5 0
v  0.375 1.375 0
v  0.5 1.25 0
v  0.25 1.5 0
v  0.625 1.375 0
v  0.25 1.25 0.00244140625
v  0 1.25 0.00390625
v  0.25 1 0.01953125
v  0.375 1.125 0.0048828125
v  0.5 1 0.0078125
v  0.625 1.125 0
v  0.75 1.25 0
v  0.125 1.125 0.009765625
v  0 1 0.0244140625
v  -0.25 1 0.01953125
v  0 0.75 0.09765625
v  0.125 0.875 0.048828125
v  0.25 0.75 0.078125
v  0.375 0.875 0.03125
v  0.625 0.875 0.0107421875
v  0.375 0.625 0.107421875
v  0.875 1.125 0
v  -0.625 -0.375 0.107421875
v  -0.75 -0.25 0.078125
v  -0.875 -0.375 0.03125
v  -1 -0.5 0.0078125
v  -0.875 -0.625 0.0107421875
v  -0.875 -0.125 0.048828125
v  -1.125 -0.375 0.0048828125
v  -1.125 -0.625 0
v  -1.375 -0.625 0
v  -1.25 -0.75 0
v  -1.125 -0.875 0
v  -0.125 0.125 0.47265625
v  -0.25 0.25 0.34375
v  -0.25 0.5 0.1953125
v  -0.5 0.25 0.1953125
v  -0.375 0.125 0.3125
v  -0.5 0 0.2421875
v  -0.375 -0.125 0.333007812
v  -0.375 0.375 0.21484375
v  -0.5 0.5 0.107421875
v  -0.5 0.75 0.0390625
v  -0.75 0.5 0.0390625
v  -0.625 0.375 0.09765625
v  -0.75 0.25 0.0756835938
v  -0.625 0.125 0.151367188
v  -0.625 -0.125 0.15625
v  -0.875 0.125 0.048828125
v  0.125 0.625 0.15625
v  0 0.5 0.2421875
v  0.125 0.375 0.333007812
v  -0.125 0.875 0.048828125
v  -0.25 0.75 0.0756835938
v  -0.125 0.625 0.151367188
v  -0.125 0.375 0.3125
v  -0.375 0.625 0.09765625
v  -0.5 1.5 0
v  -0.375 1.375 0
v  -0.25 1.5 0
v  -0.5 1.25 0
v  -0.375 1.625 0
v  -0.25 1.25 0.00244140625
v  -0.125 1.375 0.0009765625
v  0 1.49804688 0.000244140625
v  0 1.71875 0
v  -0.125 1.6171875 0
v  -0.25 1.734375 0
v  -0.125 1.125 0.009765625
v  0.125 1.375 0.0009765625
v  0.125 1.6171875 0
v  0.375 1.625 0
v  0.25 1.734375 0
v  -0.125 1.8125 0
v  0.125 1.8125 0
v  0 1.84375 0
v  -1 1 0
v  -0.875 0.875 0
v  -0.75 1 0
v  -1 0.75 0
v  -0.875 1.125 0
v  -0.75 0.75 0.0107421875
v  -0.625 0.875 0.009765625
v  -0.5 1 0.00756835938
v  -0.625 1.125 0
v  -0.75 1.25 0
v  -0.625 0.625 0.04296875
v  -0.375 0.875 0.0302734375
v  -0.375 1.125 0.0048828125
v  -0.625 1.375 0
v  -1.375 0.625 0
v  -1.125 0.375 0.0048828125
v  -1 0.5 0.00756835938
v  -1.125 0.625 0
v  -1.25 0.75 0
v  -0.875 0.375 0.0302734375
v  -0.875 0.625 0.009765625
v  -1.125 0.875 0
s off
f 1 2 3 4
f 2 5 6 3
f 3 6 8 11
f 4 3 11 12
f 5 13 7 6
f 13 14 15 7
f 7 15 17 19
f 6 7 19 8
f 8 19 9 20
f 19 17 21 9
f 9 21 22 25
f 20 9 25 26
f 12 11 10 28
f 11 8 20 10
f 10 20 26 29
f 28 10 29 30
f 31 32 33 35
f 32 36 39 33
f 33 39 40 43
f 35 33 43 44
f 36 45 38 39
f 45 46 49 38
f 38 49 50 52
f 39 38 52 40
f 40 52 41 53
f 52 50 54 41
f 41 54 55 56
f 53 41 56 57
f 44 43 42 58
f 43 40 53 42
f 42 53 57 59
f 58 42 59 60
f 61 62 63 65
f 62 66 69 63
f 63 69 70 73
f 65 63 73 74
f 66 75 68 69
f 75 76 79 68
f 68 79 80 82
f 69 68 82 70
f 70 82 71 83
f 82 80 84 71
f 71 84 85 86
f 83 71 86 87
f 74 73 72 88
f 73 70 83 72
f 72 83 87 89
f 88 72 89 90
f 91 92 93 95
f 92 96 97 93
f 93 97 99 100
f 95 93 100 101
f 96 102 98 97
f 102 104 105 98
f 98 105 107 108
f 97 98 108 99
f 99 108 67 109
f 108 107 110 67
f 67 110 76 75
f 109 67 75 66
f 101 100 64 111
f 100 99 109 64
f 64 109 66 62
f 111 64 62 61
f 55 54 51 112
f 54 50 113 51
f 51 113 114 115
f 112 51 115 116
f 50 49 48 113
f 49 46 117 48
f 48 117 118 120
f 113 48 120 114
f 114 120 103 121
f 120 118 122 103
f 103 122 104 102
f 121 103 102 96
f 116 115 94 123
f 115 114 121 94
f 94 121 96 92
f 123 94 92 91
f 124 125 126 128
f 125 129 132 126
f 126 132 133 134
f 128 126 134 135
f 129 136 131 132
f 136 137 140 131
f 131 140 141 142
f 132 131 142 133
f 133 142 37 143
f 142 141 144 37
f 37 144 46 45
f 143 37 45 36
f 135 134 34 145
f 134 133 143 34
f 34 143 36 32
f 145 34 32 31
f 76 146 78 79
f 146 147 150 78
f 78 150 151 153
f 79 78 153 80
f 147 154 149 150
f 154 155 158 149
f 149 158 159 161
f 150 149 161 151
f 151 161 152 162
f 161 159 163 152
f 152 163 164 165
f 162 152 165 166
f 80 153 81 84
f 153 151 162 81
f 81 162 166 167
f 84 81 167 85
f 104 168 106 105
f 168 169 170 106
f 106 170 172 173
f 105 106 173 107
f 169 174 171 170
f 174 176 179 171
f 171 179 180 181
f 170 171 181 172
f 172 181 148 182
f 181 180 183 148
f 148 183 155 154
f 182 148 154 147
f 107 173 77 110
f 173 172 182 77
f 77 182 147 146
f 110 77 146 76
f 46 144 47 117
f 144 141 184 47
f 47 184 185 186
f 117 47 186 118
f 141 140 139 184
f 140 137 187 139
f 139 187 188 189
f 184 139 189 185
f 185 189 175 190
f 189 188 191 175
f 175 191 176 174
f 190 175 174 169
f 118 186 119 122
f 186 185 190 119
f 119 190 169 168
f 122 119 168 104
f 192 193 194 196
f 193 197 200 194
f 194 200 201 202
f 196 194 202 203
f 197 204 199 200
f 204 205 208 199
f 199 208 209 210
f 200 199 210 201
f 201 210 130 211
f 210 209 212 130
f 130 212 137 136
f 211 130 136 129
f 203 202 127 213
f 202 201 211 127
f 127 211 129 125
f 213 127 125 124
f 155 214 157 158
f 214 215 216 157
f 157 216 217 218
f 158 157 218 159
f 215 219 18 216
f 219 22 21 18
f 18 21 17 220
f 216 18 220 217
f 217 220 16 221
f 220 17 15 16
f 16 15 14 222
f 221 16 222 223
f 159 218 160 163
f 218 217 221 160
f 160 221 223 224
f 163 160 224 164
f 176 225 178 179
f 225 226 229 178
f 178 229 230 231
f 179 178 231 180
f 226 232 228 229
f 232 233 236 228
f 228 236 237 238
f 229 228 238 230
f 230 238 23 239
f 238 237 240 23
f 23 240 22 219
f 239 23 219 215
f 180 231 156 183
f 231 230 239 156
f 156 239 215 214
f 183 156 214 155
f 137 212 138 187
f 212 209 241 138
f 138 241 242 243
f 187 138 243 188
f 209 208 207 241
f 208 205 244 207
f 207 244 245 246
f 241 207 246 242
f 242 246 227 247
f 246 245 248 227
f 227 248 233 232
f 247 227 232 226
f 188 243 177 191
f 243 242 247 177
f 177 247 226 225
f 191 177 225 176
f 249 250 251 253
f 250 254 255 251
f 251 255 256 258
f 253 251 258 259
f 254 260 198 255
f 260 205 204 198
f 198 204 197 261
f 255 198 261 256
f 256 261 195 262
f 261 197 193 195
f 195 193 192 263
f 262 195 263 264
f 259 258 257 265
f 258 256 262 257
f 257 262 264 266
f 265 257 266 267
f 268 269 270 272
f 269 273 274 270
f 270 274 275 276
f 272 270 276 277
f 273 278 234 274
f 278 233 248 234
f 234 248 245 279
f 274 234 279 275
f 275 279 206 280
f 279 245 244 206
f 206 244 205 260
f 280 206 260 254
f 277 276 252 281
f 276 275 280 252
f 252 280 254 250
f 281 252 250 249
f 30 29 27 282
f 29 26 283 27
f 27 283 284 285
f 282 27 285 286
f 26 25 24 283
f 25 22 240 24
f 24 240 237 287
f 283 24 287 284
f 284 287 235 288
f 287 237 236 235
f 235 236 233 278
f 288 235 278 273
f 286 285 271 289
f 285 284 288 271
f 271 288 273 269
f 289 271 269 268

