# This file uses centimeters as units for non-parametric coordinates.
v  0 -1.41421402 1
v  0.176776752 -1.23743725 1
v  0 -1.06066048 1
v  -0.176776752 -1.23743725 1
v  0.353553504 -1.06066048 1
v  0.176776752 -0.883883715 1
v  0.353553504 -0.707107008 1
v  0 -0.707184613 1
v  0 -0.354796469 1
v  -0.353553504 -0.707107008 1
v  -0.176776752 -0.883883715 1
v  -0.353553504 -1.06066048 1
v  0.530330241 -0.883883715 1
v  0.707106948 -0.707106948 1
v  0.530330241 -0.530330241 1
v  0.707107008 -0.353553504 1
v  0.353553474 -0.354330331 1
v  0.353553504 -0.00621480867 1
v  0.176776752 -0.53064096 1
v  -0.176776752 -0.530641019 1
v  0.176776752 -0.179884151 1
v  0 -0.00776851038 1
v  0 0.322479457 1
v  -0.353553504 -0.00621480495 1
v  -0.176776752 -0.179884151 1
v  -0.353553474 -0.354330331 1
v  -0.707106948 -0.353553504 1
v  -0.530330241 -0.883883715 1
v  -0.530330241 -0.530330241 1
v  -0.707106948 -0.707106948 1
v  0.883883715 -0.530330241 1
v  1.06066048 -0.353553504 1
v  0.883883715 -0.176776752 1
v  1.06066048 0 1
v  0.707106948 -0.00256360951 1
v  0.707107008 0.338637948 1
v  0.530330241 -0.178330451 1
v  1.23743725 -0.176776752 1
v  1.41421402 0 1
v  1.23743725 0.176776752 1
v  1.06066048 0.348581642 1
v  0.883883715 0.17304787 1
v  0.530330241 0.166522309 1
v  0.883883715 0.510442853 1
v  0.707106948 0.657388508 1
v  0.530330241 0.493041396 1
v  0.353553504 0.632529318 1
v  0.353553474 0.327917427 1
v  0.176776752 0.161239743 1
v  -0.176776752 0.161239728 1
v  0.176776752 0.479058087 1
v  0 0.620988786 1
v  0 0.857367158 1
v  -0.353553504 0.632529318 1
v  -0.176776752 0.479058087 1
v  -0.353553474 0.327917427 1
v  -0.707106948 0.338637978 1
v  0.530330241 0.784446836 1
v  0.353553504 0.884436131 1
v  0.176776752 0.754753828 1
v  -0.176776752 0.754753828 1
v  0.176776752 0.950174987 1
v  0 0.974481761 1
v  -0.176776752 0.950174987 1
v  -0.353553504 0.88443619 1
v  -0.530330241 0.493041426 1
v  -0.530330241 0.784446836 1
v  -0.707106948 0.657388508 1
v  -0.883883715 -0.530330241 1
v  -0.530330241 -0.178330451 1
v  -0.707106948 -0.00256360695 1
v  -1.06066048 0 1
v  -0.883883715 -0.176776752 1
v  -1.06066048 -0.353553504 1
v  -0.530330241 0.166522324 1
v  -0.883883715 0.17304787 1
v  -0.883883715 0.510442853 1
v  -1.06066048 0.348581642 1
v  -1.23743725 -0.176776752 1
v  -1.23743725 0.176776752 1
v  -1.41421402 0 1
v  -1.23743725 0.176776752 0.75
v  -1.41421402 0 0.75
v  -1.06066048 0.348581672 0.75
v  -0.883883715 0.510442853 0.75
v  -1.06066036 0.348581642 0.5
v  -0.883883715 0.510442853 0.25
v  -1.23743725 0.176776752 0.25
v  -1.23743725 0.176776752 0.5
v  -1.41421402 0 0.5
v  -0.707106948 0.657388568 0.75
v  -0.530330241 0.784446836 0.75
v  -0.707107008 0.657388508 0.5
v  -0.530330241 0.784446836 0.25
v  -0.883883715 0.510442853 0.5
v  -1.06066048 0.348581642 0.25
v  -0.707106948 0.657388568 0.25
v  -0.707107008 0.657388568 0
v  -0.530330241 0.784446836 -0.25
v  -0.883883715 0.510442913 -0.25
v  -0.883883715 0.510442913 0
v  -1.06066036 0.348581642 0
v  -1.23743725 0.176776752 -0.25
v  -1.41421402 0 0.25
v  -1.23743725 0.176776752 0
v  -1.41421402 0 0
v  -0.353553504 0.88443619 0.75
v  -0.176776752 0.950175047 0.75
v  -0.353553504 0.88443625 0.5
v  -0.176776752 0.950175107 0.25
v  -0.530330241 0.784446836 0.5
v  0 0.974481881 0.75
v  0.176776752 0.950175047 0.75
v  0 0.974482 0.5
v  0.176776752 0.950175166 0.25
v  -0.176776752 0.950175047 0.5
v  -0.353553504 0.88443625 0.25
v  0 0.97448194 0.25
v  0 0.974482 0
v  0.176776752 0.950175166 -0.25
v  -0.176776752 0.950175107 -0.25
v  -0.176776752 0.950175107 0
v  -0.353553504 0.884436309 0
v  -0.530330241 0.784446836 0
v  -0.707107008 0.657388628 -0.25
v  -0.353553504 0.88443619 -0.25
v  -0.353553504 0.88443625 -0.5
v  -0.176776752 0.950175047 -0.75
v  -0.530330241 0.784446836 -0.75
v  -0.530330241 0.784446836 -0.5
v  -0.707107008 0.657388508 -0.5
v  -0.883883715 0.510442853 -0.75
v  0 0.97448194 -0.25
v  0 0.974482 -0.5
v  0.176776752 0.950175047 -0.75
v  -0.176776752 0.950175107 -0.5
v  -0.353553504 0.884436131 -0.75
v  0 0.974481881 -0.75
v  0 0.974481761 -1
v  -0.176776752 0.950174987 -1
v  -0.353553504 0.88443619 -1
v  -0.707107008 0.657388568 -0.75
v  -0.530330241 0.784446836 -1
v  -0.707106948 0.657388508 -1
v  -1.41421402 0 -0.25
v  -1.06066048 0.348581672 -0.25
v  -1.06066036 0.348581642 -0.5
v  -1.23743725 0.176776752 -0.75
v  -1.23743725 0.176776752 -0.5
v  -1.41421402 0 -0.5
v  -0.883883715 0.510442853 -0.5
v  -1.06066048 0.348581642 -0.75
v  -0.883883715 0.510442853 -1
v  -1.06066048 0.348581642 -1
v  -1.41421402 0 -0.75
v  -1.23743725 0.176776752 -1
v  -1.41421402 0 -1
v  -1.06066048 0 -1
v  -1.23743725 -0.176776752 -1
v  -0.883883715 0.17304787 -1
v  -0.707107008 0.338637948 -1
v  -0.707106948 -0.00256360881 -1
v  -0.353553504 -0.00621480495 -1
v  -0.707107008 -0.353553504 -1
v  -0.883883715 -0.176776752 -1
v  -1.06066048 -0.353553504 -1
v  -0.530330241 0.493041396 -1
v  -0.353553504 0.632529318 -1
v  -0.353553474 0.327917427 -1
v  0 0.322479457 -1
v  -0.530330241 0.166522309 -1
v  -0.530330241 -0.178330451 -1
v  -0.176776752 0.161239743 -1
v  0 -0.00776850991 -1
v  0.353553504 -0.00621480495 -1
v  0 -0.354796469 -1
v  -0.176776752 -0.179884151 -1
v  -0.353553474 -0.354330331 -1
v  -0.353553504 -0.707106948 -1
v  -0.883883715 -0.530330241 -1
v  -0.530330241 -0.530330241 -1
v  -0.707106948 -0.707106948 -1
v  -0.176776752 0.754753828 -1
v  0 0.857367218 -1
v  0 0.620988786 -1
v  0.353553504 0.632529259 -1
v  -0.176776752 0.479058087 -1
v  0.176776752 0.950174987 -1
v  0.353553504 0.88443619 -1
v  0.176776752 0.754753828 -1
v  0.176776752 0.479058087 -1
v  0.530330241 0.784446836 -1
v  0.707106948 0.657388508 -1
v  0.530330241 0.493041396 -1
v  0.707107008 0.338637978 -1
v  0.353553474 0.327917397 -1
v  0.176776752 0.161239728 -1
v  0.176776752 -0.179884151 -1
v  0.530330241 0.166522324 -1
v  0.707106948 -0.00256360695 -1
v  1.06066048 0 -1
v  0.707107008 -0.353553504 -1
v  0.530330241 -0.178330451 -1
v  0.353553474 -0.354330331 -1
v  0.353553504 -0.707106948 -1
v  0.883883715 0.510442853 -1
v  1.06066048 0.348581642 -1
v  0.883883715 0.17304787 -1
v  0.883883715 -0.176776752 -1
v  1.23743725 0.176776752 -1
v  1.41421402 0 -1
v  1.23743725 -0.176776752 -1
v  1.06066048 -0.353553504 -1
v  0.530330241 -0.530330241 -1
v  0.883883715 -0.530330241 -1
v  0.707106948 -0.707106948 -1
v  -0.530330241 -0.883883715 -1
v  -0.176776752 -0.53064096 -1
v  0 -0.707184613 -1
v  0 -1.06066048 -1
v  -0.176776752 -0.883883715 -1
v  -0.353553504 -1.06066048 -1
v  0.176776752 -0.53064096 -1
v  0.176776752 -0.883883715 -1
v  0.530330241 -0.883883715 -1
v  0.353553504 -1.06066048 -1
v  -0.176776752 -1.23743725 -1
v  0.176776752 -1.23743725 -1
v  0 -1.41421402 -1
v  0.176776752 -1.23743725 -0.75
v  0 -1.41421402 -0.75
v  0.353553504 -1.06066048 -0.75
v  0.530330241 -0.883883715 -0.75
v  0.353553504 -1.06066036 -0.5
v  0.530330241 -0.883883715 -0.25
v  0.176776752 -1.23743725 -0.25
v  0.176776752 -1.23743725 -0.5
v  0 -1.41421402 -0.5
v  0.707107008 -0.707106948 -0.75
v  0.883883715 -0.530330241 -0.75
v  0.707107008 -0.707107008 -0.5
v  0.883883715 -0.530330241 -0.25
v  0.530330241 -0.883883715 -0.5
v  0.353553504 -1.06066048 -0.25
v  0.707107008 -0.707106948 -0.25
v  0.707107008 -0.707107008 0
v  0.883883715 -0.530330241 0.25
v  0.530330241 -0.883883715 0.25
v  0.530330241 -0.883883715 0
v  0.353553504 -1.06066036 0
v  0.176776752 -1.23743725 0.25
v  0 -1.41421402 -0.25
v  0.176776752 -1.23743725 0
v  0 -1.41421402 0
v  1.06066048 -0.353553504 -0.75
v  1.23743725 -0.176776752 -0.75
v  1.06066048 -0.353553504 -0.5
v  1.23743725 -0.176776752 -0.25
v  0.883883715 -0.530330241 -0.5
v  1.41421402 0 -0.75
v  1.41421402 0 -0.5
v  1.23743725 -0.176776752 -0.5
v  1.06066048 -0.353553504 -0.25
v  1.41421402 0 -0.25
v  1.41421402 0 0
v  1.23743725 -0.176776752 0
v  1.23743725 -0.176776752 0.25
v  1.06066048 -0.353553504 0
v  0.883883715 -0.530330241 0
v  0.707106948 -0.707107008 0.25
v  1.06066048 -0.353553504 0.25
v  1.06066048 -0.353553504 0.5
v  1.23743725 -0.176776752 0.75
v  0.883883715 -0.530330241 0.75
v  0.883883715 -0.530330241 0.5
v  0.707107008 -0.707107008 0.5
v  0.530330241 -0.883883715 0.75
v  1.41421402 0 0.25
v  1.41421402 0 0.5
v  1.23743725 -0.176776752 0.5
v  1.06066048 -0.353553504 0.75
v  1.41421402 0 0.75
v  0.707106948 -0.707107008 0.75
v  0 -1.41421402 0.25
v  0.353553504 -1.06066048 0.25
v  0.353553504 -1.06066036 0.5
v  0.176776752 -1.23743725 0.75
v  0.176776752 -1.23743725 0.5
v  0 -1.41421402 0.5
v  0.530330241 -0.883883715 0.5
v  0.353553504 -1.06066048 0.75
v  0 -1.41421402 0.75
v  1.23743725 0.176776752 0.75
v  1.23743725 0.176776752 0.5
v  1.23743725 0.176776752 0.25
v  1.06066048 0.348581672 0.5
v  0.883883774 0.510442853 0.25
v  0.883883774 0.510442853 0.75
v  1.06066048 0.348581672 0.75
v  1.23743725 0.176776752 0
v  1.23743725 0.176776752 -0.25
v  1.06066048 0.348581672 0
v  0.883883774 0.510442853 -0.25
v  1.06066048 0.348581672 0.25
v  0.883883715 0.510442853 0.5
v  0.883883715 0.510442853 0
v  0.707107008 0.657388508 0
v  0.530330241 0.784446895 -0.25
v  0.530330241 0.784446895 0.25
v  0.707107008 0.657388568 0.25
v  0.707107008 0.657388568 0.5
v  0.530330241 0.784446836 0.75
v  0.707107008 0.657388568 0.75
v  1.23743725 0.176776752 -0.5
v  1.23743725 0.176776752 -0.75
v  1.06066048 0.348581672 -0.5
v  0.883883774 0.510442853 -0.75
v  1.06066048 0.348581672 -0.25
v  1.06066048 0.348581672 -0.75
v  0.883883715 0.510442853 -0.5
v  0.707107008 0.657388568 -0.75
v  0.530330241 0.784446836 -0.75
v  0.707107008 0.657388508 -0.5
v  0.707107008 0.657388568 -0.25
v  0.530330241 0.784446895 0
v  0.530330241 0.784446836 -0.5
v  0.353553504 0.88443625 -0.5
v  0.353553504 0.88443625 -0.25
v  0.353553504 0.88443625 0
v  0.353553504 0.88443619 -0.75
v  0.176776752 0.950175047 -0.5
v  0.176776752 0.950175166 0
v  0.530330241 0.784446895 0.5
v  0.353553504 0.884436309 0.5
v  0.353553504 0.88443619 0.75
v  0.353553504 0.88443625 0.25
v  0.176776752 0.950175107 0.5
v  -0.176776752 -1.23743725 -0.75
v  -0.176776752 -1.23743725 -0.5
v  -0.176776752 -1.23743725 -0.25
v  -0.353553504 -1.06066048 -0.5
v  -0.530330241 -0.883883774 -0.25
v  -0.530330241 -0.883883774 -0.75
v  -0.353553504 -1.06066048 -0.75
v  -0.176776752 -1.23743725 0
v  -0.176776752 -1.23743725 0.25
v  -0.353553504 -1.06066048 0
v  -0.530330241 -0.883883774 0.25
v  -0.353553504 -1.06066048 -0.25
v  -0.530330241 -0.883883715 -0.5
v  -0.530330241 -0.883883715 0
v  -0.707107008 -0.707107008 0
v  -0.883883715 -0.530330241 0.25
v  -0.883883715 -0.530330241 -0.25
v  -0.707107008 -0.707107008 -0.25
v  -0.707107008 -0.707107008 -0.5
v  -0.883883715 -0.530330241 -0.75
v  -0.707107008 -0.707107008 -0.75
v  -0.176776752 -1.23743725 0.5
v  -0.176776752 -1.23743725 0.75
v  -0.353553504 -1.06066048 0.5
v  -0.530330241 -0.883883774 0.75
v  -0.353553504 -1.06066048 0.25
v  -0.353553504 -1.06066048 0.75
v  -0.530330241 -0.883883715 0.5
v  -0.707107008 -0.707107008 0.75
v  -0.883883715 -0.530330241 0.75
v  -0.707107008 -0.707107008 0.5
v  -0.707107008 -0.707107008 0.25
v  -0.883883715 -0.530330241 0
v  -0.883883715 -0.530330241 0.5
v  -1.06066036 -0.353553504 0.5
v  -1.23743725 -0.176776752 0.75
v  -1.23743725 -0.176776752 0.25
v  -1.06066048 -0.353553504 0.25
v  -1.06066048 -0.353553504 0
v  -1.23743725 -0.176776752 -0.25
v  -1.06066048 -0.353553504 0.75
v  -1.23743725 -0.176776752 0.5
v  -1.23743725 -0.176776752 0
v  -0.883883715 -0.530330241 -0.5
v  -1.06066036 -0.353553504 -0.5
v  -1.23743725 -0.176776752 -0.75
v  -1.06066048 -0.353553504 -0.75
v  -1.06066048 -0.353553504 -0.25
v  -1.23743725 -0.176776752 -0.5
s off
f 1 2 3 4
f 2 5 6 3
f 3 6 8 11
f 4 3 11 12
f 5 13 7 6
f 13 14 15 7
f 7 15 17 19
f 6 7 19 8
f 8 19 9 20
f 19 17 21 9
f 9 21 22 25
f 20 9 25 26
f 12 11 10 28
f 11 8 20 10
f 10 20 26 29
f 28 10 29 30
f 14 31 16 15
f 31 32 33 16
f 16 33 35 37
f 15 16 37 17
f 32 38 34 33
f 38 39 40 34
f 34 40 41 42
f 33 34 42 35
f 35 42 36 43
f 42 41 44 36
f 36 44 45 46
f 43 36 46 48
f 17 37 18 21
f 37 35 43 18
f 18 43 48 49
f 21 18 49 22
f 22 49 23 50
f 49 48 51 23
f 23 51 52 55
f 50 23 55 56
f 48 46 47 51
f 46 45 58 47
f 47 58 59 60
f 51 47 60 52
f 52 60 53 61
f 60 59 62 53
f 53 62 63 64
f 61 53 64 65
f 56 55 54 66
f 55 52 61 54
f 54 61 65 67
f 66 54 67 68
f 30 29 27 69
f 29 26 70 27
f 27 70 71 73
f 69 27 73 74
f 26 25 24 70
f 25 22 50 24
f 24 50 56 75
f 70 24 75 71
f 71 75 57 76
f 75 56 66 57
f 57 66 68 77
f 76 57 77 78
f 74 73 72 79
f 73 71 76 72
f 72 76 78 80
f 79 72 80 81
f 81 80 82 83
f 80 78 84 82
f 82 84 86 89
f 83 82 89 90
f 78 77 85 84
f 77 68 91 85
f 85 91 93 95
f 84 85 95 86
f 86 95 87 96
f 95 93 97 87
f 87 97 98 101
f 96 87 101 102
f 90 89 88 104
f 89 86 96 88
f 88 96 102 105
f 104 88 105 106
f 68 67 92 91
f 67 65 107 92
f 92 107 109 111
f 91 92 111 93
f 65 64 108 107
f 64 63 112 108
f 108 112 114 116
f 107 108 116 109
f 109 116 110 117
f 116 114 118 110
f 110 118 119 122
f 117 110 122 123
f 93 111 94 97
f 111 109 117 94
f 94 117 123 124
f 97 94 124 98
f 98 124 99 125
f 124 123 126 99
f 99 126 127 130
f 125 99 130 131
f 123 122 121 126
f 122 119 133 121
f 121 133 134 136
f 126 121 136 127
f 127 136 128 137
f 136 134 138 128
f 128 138 139 140
f 137 128 140 141
f 131 130 129 142
f 130 127 137 129
f 129 137 141 143
f 142 129 143 144
f 106 105 103 145
f 105 102 146 103
f 103 146 147 149
f 145 103 149 150
f 102 101 100 146
f 101 98 125 100
f 100 125 131 151
f 146 100 151 147
f 147 151 132 152
f 151 131 142 132
f 132 142 144 153
f 152 132 153 154
f 150 149 148 155
f 149 147 152 148
f 148 152 154 156
f 155 148 156 157
f 157 156 158 159
f 156 154 160 158
f 158 160 162 165
f 159 158 165 166
f 154 153 161 160
f 153 144 167 161
f 161 167 169 171
f 160 161 171 162
f 162 171 163 172
f 171 169 173 163
f 163 173 174 177
f 172 163 177 178
f 166 165 164 180
f 165 162 172 164
f 164 172 178 181
f 180 164 181 182
f 144 143 168 167
f 143 141 183 168
f 168 183 185 187
f 167 168 187 169
f 141 140 184 183
f 140 139 188 184
f 184 188 189 190
f 183 184 190 185
f 185 190 186 191
f 190 189 192 186
f 186 192 193 194
f 191 186 194 196
f 169 187 170 173
f 187 185 191 170
f 170 191 196 197
f 173 170 197 174
f 174 197 175 198
f 197 196 199 175
f 175 199 200 203
f 198 175 203 204
f 196 194 195 199
f 194 193 206 195
f 195 206 207 208
f 199 195 208 200
f 200 208 201 209
f 208 207 210 201
f 201 210 211 212
f 209 201 212 213
f 204 203 202 214
f 203 200 209 202
f 202 209 213 215
f 214 202 215 216
f 182 181 179 217
f 181 178 218 179
f 179 218 219 221
f 217 179 221 222
f 178 177 176 218
f 177 174 198 176
f 176 198 204 223
f 218 176 223 219
f 219 223 205 224
f 223 204 214 205
f 205 214 216 225
f 224 205 225 226
f 222 221 220 227
f 221 219 224 220
f 220 224 226 228
f 227 220 228 229
f 229 228 230 231
f 228 226 232 230
f 230 232 234 237
f 231 230 237 238
f 226 225 233 232
f 225 216 239 233
f 233 239 241 243
f 232 233 243 234
f 234 243 235 244
f 243 241 245 235
f 235 245 246 249
f 244 235 249 250
f 238 237 236 252
f 237 234 244 236
f 236 244 250 253
f 252 236 253 254
f 216 215 240 239
f 215 213 255 240
f 240 255 257 259
f 239 240 259 241
f 213 212 256 255
f 212 211 260 256
f 256 260 261 262
f 255 256 262 257
f 257 262 258 263
f 262 261 264 258
f 258 264 265 266
f 263 258 266 268
f 241 259 242 245
f 259 257 263 242
f 242 263 268 269
f 245 242 269 246
f 246 269 247 270
f 269 268 271 247
f 247 271 272 275
f 270 247 275 276
f 268 266 267 271
f 266 265 278 267
f 267 278 279 280
f 271 267 280 272
f 272 280 273 281
f 280 279 282 273
f 273 282 39 38
f 281 273 38 32
f 276 275 274 283
f 275 272 281 274
f 274 281 32 31
f 283 274 31 14
f 254 253 251 284
f 253 250 285 251
f 251 285 286 288
f 284 251 288 289
f 250 249 248 285
f 249 246 270 248
f 248 270 276 290
f 285 248 290 286
f 286 290 277 291
f 290 276 283 277
f 277 283 14 13
f 291 277 13 5
f 289 288 287 292
f 288 286 291 287
f 287 291 5 2
f 292 287 2 1
f 39 282 293 40
f 282 279 294 293
f 293 294 296 299
f 40 293 299 41
f 279 278 295 294
f 278 265 300 295
f 295 300 302 304
f 294 295 304 296
f 296 304 297 305
f 304 302 306 297
f 297 306 307 310
f 305 297 310 311
f 41 299 298 44
f 299 296 305 298
f 298 305 311 313
f 44 298 313 45
f 265 264 301 300
f 264 261 314 301
f 301 314 316 318
f 300 301 318 302
f 261 260 315 314
f 260 211 210 315
f 315 210 207 319
f 314 315 319 316
f 316 319 317 320
f 319 207 206 317
f 317 206 193 321
f 320 317 321 323
f 302 318 303 306
f 318 316 320 303
f 303 320 323 324
f 306 303 324 307
f 307 324 308 325
f 324 323 326 308
f 308 326 327 328
f 325 308 328 329
f 323 321 322 326
f 321 193 192 322
f 322 192 189 330
f 326 322 330 327
f 327 330 135 331
f 330 189 188 135
f 135 188 139 138
f 331 135 138 134
f 329 328 120 332
f 328 327 331 120
f 120 331 134 133
f 332 120 133 119
f 45 313 312 58
f 313 311 333 312
f 312 333 334 335
f 58 312 335 59
f 311 310 309 333
f 310 307 325 309
f 309 325 329 336
f 333 309 336 334
f 334 336 115 337
f 336 329 332 115
f 115 332 119 118
f 337 115 118 114
f 59 335 113 62
f 335 334 337 113
f 113 337 114 112
f 62 113 112 63
f 229 231 338 227
f 231 238 339 338
f 338 339 341 344
f 227 338 344 222
f 238 252 340 339
f 252 254 345 340
f 340 345 347 349
f 339 340 349 341
f 341 349 342 350
f 349 347 351 342
f 342 351 352 355
f 350 342 355 356
f 222 344 343 217
f 344 341 350 343
f 343 350 356 358
f 217 343 358 182
f 254 284 346 345
f 284 289 359 346
f 346 359 361 363
f 345 346 363 347
f 289 292 360 359
f 292 1 4 360
f 360 4 12 364
f 359 360 364 361
f 361 364 362 365
f 364 12 28 362
f 362 28 30 366
f 365 362 366 368
f 347 363 348 351
f 363 361 365 348
f 348 365 368 369
f 351 348 369 352
f 352 369 353 370
f 369 368 371 353
f 353 371 372 375
f 370 353 375 376
f 368 366 367 371
f 366 30 69 367
f 367 69 74 378
f 371 367 378 372
f 372 378 373 379
f 378 74 79 373
f 373 79 81 83
f 379 373 83 90
f 376 375 374 380
f 375 372 379 374
f 374 379 90 104
f 380 374 104 106
f 182 358 357 180
f 358 356 381 357
f 357 381 382 384
f 180 357 384 166
f 356 355 354 381
f 355 352 370 354
f 354 370 376 385
f 381 354 385 382
f 382 385 377 386
f 385 376 380 377
f 377 380 106 145
f 386 377 145 150
f 166 384 383 159
f 384 382 386 383
f 383 386 150 155
f 159 383 155 157

