# This file uses centimeters as units for non-parametric coordinates.
v  -0.3359375 0 0.264062524
v  -0.265625 0 0.209375024
v  -0.296875 0 0.303125024
v  -0.390625 0 0.334375024
v  -0.18359375 0 0.170312509
v  -0.201171875 0 0.276757836
v  -0.1015625 0 0.260156274
v  -0.216308594 0 0.38369137
v  -0.11328125 0 0.486718774
v  -0.33984375 0 0.498437524
v  -0.323242188 0 0.398828149
v  -0.4296875 0 0.416406274
v  -0.09375 0 0.146875009
v  0 0 0.139062509
v  0 0 0.254296899
v  0.1015625 0 0.260156274
v  0 0 0.369531214
v  0.11328125 0 0.486718774
v  -0.108398438 0 0.373437524
v  -0.2265625 0 0.491601586
v  0 0 0.484765649
v  0 0 0.600000024
v  0.11328125 0 0.713281274
v  -0.11328125 0 0.713281274
v  -0.115234375 0 0.600000024
v  -0.23046875 0 0.600000024
v  -0.33984375 0 0.701562524
v  -0.453125 0 0.506250024
v  -0.345703125 0 0.600000024
v  -0.4609375 0 0.600000024
v  0.09375 0 0.146875009
v  0.18359375 0 0.170312509
v  0.201171875 0 0.276757836
v  0.296875 0 0.303125024
v  0.216308594 0 0.38369137
v  0.33984375 0 0.498437524
v  0.108398438 0 0.373437524
v  0.265625 0 0.209374994
v  0.3359375 0 0.264062494
v  0.390625 0 0.334375024
v  0.4296875 0 0.416406274
v  0.323242188 0 0.398828149
v  0.2265625 0 0.491601586
v  0.453125 0 0.506250024
v  0.4609375 0 0.600000024
v  0.345703125 0 0.600000024
v  0.33984375 0 0.701562524
v  0.23046875 0 0.600000024
v  0.115234375 0 0.600000024
v  0 0 0.715234399
v  0.2265625 0 0.708398461
v  0.216308594 0 0.816308737
v  0.296875 0 0.896875024
v  0.1015625 0 0.939843774
v  0.108398438 0 0.826562524
v  0 0 0.830468893
v  -0.1015625 0 0.939843774
v  0.453125 0 0.693750024
v  0.4296875 0 0.783593774
v  0.323242188 0 0.801171899
v  0.201171875 0 0.923242211
v  0.390625 0 0.865625024
v  0.3359375 0 0.935937524
v  0.265625 0 0.990625024
v  0.18359375 0 1.02968752
v  0 0 0.945703149
v  0.09375 0 1.05312502
v  0 0 1.06093752
v  -0.453125 0 0.693750024
v  -0.2265625 0 0.708398461
v  -0.216308594 0 0.816308737
v  -0.296875 0 0.896875024
v  -0.323242188 0 0.801171899
v  -0.4296875 0 0.783593774
v  -0.108398438 0 0.826562524
v  -0.201171875 0 0.923242211
v  -0.09375 0 1.05312502
v  -0.18359375 0 1.02968752
v  -0.390625 0 0.865625024
v  -0.265625 0 0.990625024
v  -0.3359375 0 0.935937524
v  -1.10000002 0 -1.10000002
v  -0.975000024 0 -1.10000002
v  -0.975000024 0 -0.975000024
v  -1.10000002 0 -0.975000024
v  -0.851953149 0 -1.0980469
v  -0.851464868 0 -0.97353518
v  -0.730859399 0 -0.969140649
v  -0.850000143 0 -0.850000143
v  -0.725000024 0 -0.725000024
v  -0.969140649 0 -0.730859399
v  -0.97353518 0 -0.851464868
v  -1.0980469 0 -0.851953149
v  -0.732812524 0 -1.09218752
v  -0.619531274 0 -1.08046877
v  -0.614648461 0 -0.960351586
v  -0.504296899 0 -0.945703149
v  -0.609765708 0 -0.840234518
v  -0.486718774 0 -0.713281274
v  -0.728417993 0 -0.846582055
v  -0.846582055 0 -0.728417993
v  -0.604882836 0 -0.720117211
v  -0.600000083 0 -0.600000024
v  -0.475000054 0 -0.475000024
v  -0.713281274 0 -0.486718774
v  -0.720117211 0 -0.604882836
v  -0.840234518 0 -0.609765708
v  -0.945703149 0 -0.504296899
v  -1.09218752 0 -0.732812524
v  -0.960351586 0 -0.614648461
v  -1.08046877 0 -0.619531274
v  -0.514062524 0 -1.06093752
v  -0.418359399 0 -1.03164065
v  -0.400292993 0 -0.924707055
v  -0.303125024 0 -0.896875024
v  -0.38369137 0 -0.816308737
v  -0.254296899 0 -0.695703149
v  -0.495019555 0 -0.829980493
v  -0.334375024 0 -0.990625024
v  -0.264062524 0 -0.935937524
v  -0.209375024 0 -0.865625024
v  -0.168359384 0 -0.781640649
v  -0.275292993 0 -0.799707055
v  -0.370019555 0 -0.704980493
v  -0.139062509 0 -0.685937524
v  -0.119531259 0 -0.580468774
v  -0.239648461 0 -0.585351586
v  -0.230859399 0 -0.469140649
v  -0.359765589 0 -0.590234399
v  -0.479882866 0 -0.595117211
v  -0.595117211 0 -0.479882836
v  -0.353417993 0 -0.471582055
v  -0.349999964 0 -0.349999964
v  -0.225000009 0 -0.225000024
v  -0.469140649 0 -0.230859399
v  -0.471582055 0 -0.353417993
v  -0.590234399 0 -0.359765589
v  -0.695703149 0 -0.254296899
v  -0.107812509 0 -0.467187524
v  -0.101953134 0 -0.348046899
v  -0.226464868 0 -0.34853518
v  -0.34853518 0 -0.226464868
v  -0.100000001 0 -0.225000009
v  -0.100000001 0 -0.100000001
v  -0.225000009 0 -0.100000001
v  -0.348046899 0 -0.101953134
v  -0.585351586 0 -0.239648446
v  -0.467187524 0 -0.107812509
v  -0.580468774 0 -0.119531259
v  -1.06093752 0 -0.514062524
v  -0.829980493 0 -0.495019555
v  -0.816308737 0 -0.38369137
v  -0.896875024 0 -0.303125024
v  -0.924707055 0 -0.400292993
v  -1.03164065 0 -0.418359399
v  -0.704980493 0 -0.370019555
v  -0.799707055 0 -0.275292993
v  -0.685937524 0 -0.139062509
v  -0.781640649 0 -0.168359384
v  -0.990625024 0 -0.334375024
v  -0.865625024 0 -0.209374994
v  -0.935937524 0 -0.264062494
v  0.100000001 0 -1.10000002
v  0.225000009 0 -1.10000002
v  0.225000024 0 -0.975000024
v  0.100000001 0 -0.975000024
v  0.350000024 0 -1.10000002
v  0.350000024 0 -0.975000024
v  0.475000024 0 -0.975000024
v  0.349999964 0 -0.850000143
v  0.475000024 0 -0.725000024
v  0.225000024 0 -0.725000024
v  0.225000024 0 -0.850000024
v  0.100000009 0 -0.850000024
v  0.475000024 0 -1.10000002
v  0.600000024 0 -1.10000002
v  0.600000024 0 -0.975000024
v  0.725000024 0 -0.975000024
v  0.600000024 0 -0.850000143
v  0.725000024 0 -0.725000024
v  0.475000024 0 -0.850000024
v  0.350000024 0 -0.725000024
v  0.600000024 0 -0.725000024
v  0.600000024 0 -0.600000024
v  0.725000024 0 -0.475000024
v  0.475000024 0 -0.475000024
v  0.475000024 0 -0.600000024
v  0.349999964 0 -0.600000024
v  0.225000024 0 -0.475000024
v  0.100000009 0 -0.725000024
v  0.225000024 0 -0.600000024
v  0.100000009 0 -0.600000024
v  0.725000024 0 -1.10000002
v  0.850000024 0 -1.10000002
v  0.850000024 0 -0.975000024
v  0.975000024 0 -0.975000024
v  0.850000143 0 -0.850000143
v  0.975000024 0 -0.725000024
v  0.725000024 0 -0.850000024
v  0.975000024 0 -1.10000002
v  1.10000002 0 -1.10000002
v  1.10000002 0 -0.975000024
v  1.10000002 0 -0.850000024
v  0.975000024 0 -0.850000024
v  0.850000024 0 -0.725000024
v  1.10000002 0 -0.725000024
v  1.10000002 0 -0.600000024
v  0.975000024 0 -0.600000024
v  0.975000024 0 -0.475000024
v  0.850000143 0 -0.600000024
v  0.725000024 0 -0.600000024
v  0.600000024 0 -0.475000024
v  0.850000024 0 -0.475000024
v  0.850000143 0 -0.349999964
v  0.975000024 0 -0.225000024
v  0.725000024 0 -0.225000024
v  0.725000024 0 -0.350000024
v  0.600000024 0 -0.349999964
v  0.475000024 0 -0.225000024
v  1.10000002 0 -0.475000024
v  1.10000002 0 -0.350000024
v  0.975000024 0 -0.350000024
v  0.850000024 0 -0.225000024
v  1.10000002 0 -0.225000009
v  1.10000002 0 -0.100000001
v  0.975000024 0 -0.100000001
v  0.850000024 0 -0.100000009
v  0.600000024 0 -0.225000009
v  0.725000024 0 -0.100000009
v  0.600000024 0 -0.100000009
v  0.100000009 0 -0.475000024
v  0.350000024 0 -0.475000024
v  0.349999964 0 -0.349999964
v  0.225000024 0 -0.225000024
v  0.225000024 0 -0.350000024
v  0.100000009 0 -0.350000024
v  0.475000024 0 -0.350000024
v  0.350000024 0 -0.225000024
v  0.475000024 0 -0.100000009
v  0.350000024 0 -0.100000009
v  0.100000001 0 -0.225000009
v  0.225000009 0 -0.100000001
v  0.100000001 0 -0.100000001
s off
f 1 2 3 4
f 2 5 6 3
f 3 6 8 11
f 4 3 11 12
f 5 13 7 6
f 13 14 15 7
f 7 15 17 19
f 6 7 19 8
f 8 19 9 20
f 19 17 21 9
f 9 21 22 25
f 20 9 25 26
f 12 11 10 28
f 11 8 20 10
f 10 20 26 29
f 28 10 29 30
f 14 31 16 15
f 31 32 33 16
f 16 33 35 37
f 15 16 37 17
f 32 38 34 33
f 38 39 40 34
f 34 40 41 42
f 33 34 42 35
f 35 42 36 43
f 42 41 44 36
f 36 44 45 46
f 43 36 46 48
f 17 37 18 21
f 37 35 43 18
f 18 43 48 49
f 21 18 49 22
f 22 49 23 50
f 49 48 51 23
f 23 51 52 55
f 50 23 55 56
f 48 46 47 51
f 46 45 58 47
f 47 58 59 60
f 51 47 60 52
f 52 60 53 61
f 60 59 62 53
f 53 62 63 64
f 61 53 64 65
f 56 55 54 66
f 55 52 61 54
f 54 61 65 67
f 66 54 67 68
f 30 29 27 69
f 29 26 70 27
f 27 70 71 73
f 69 27 73 74
f 26 25 24 70
f 25 22 50 24
f 24 50 56 75
f 70 24 75 71
f 71 75 57 76
f 75 56 66 57
f 57 66 68 77
f 76 57 77 78
f 74 73 72 79
f 73 71 76 72
f 72 76 78 80
f 79 72 80 81
f 82 83 84 85
f 83 86 87 84
f 84 87 89 92
f 85 84 92 93
f 86 94 88 87
f 94 95 96 88
f 88 96 98 100
f 87 88 100 89
f 89 100 90 101
f 100 98 102 90
f 90 102 103 106
f 101 90 106 107
f 93 92 91 109
f 92 89 101 91
f 91 101 107 110
f 109 91 110 111
f 95 112 97 96
f 112 113 114 97
f 97 114 116 118
f 96 97 118 98
f 113 119 115 114
f 119 120 121 115
f 115 121 122 123
f 114 115 123 116
f 116 123 117 124
f 123 122 125 117
f 117 125 126 127
f 124 117 127 129
f 98 118 99 102
f 118 116 124 99
f 99 124 129 130
f 102 99 130 103
f 103 130 104 131
f 130 129 132 104
f 104 132 133 136
f 131 104 136 137
f 129 127 128 132
f 127 126 139 128
f 128 139 140 141
f 132 128 141 133
f 133 141 134 142
f 141 140 143 134
f 134 143 144 145
f 142 134 145 146
f 137 136 135 147
f 136 133 142 135
f 135 142 146 148
f 147 135 148 149
f 111 110 108 150
f 110 107 151 108
f 108 151 152 154
f 150 108 154 155
f 107 106 105 151
f 106 103 131 105
f 105 131 137 156
f 151 105 156 152
f 152 156 138 157
f 156 137 147 138
f 138 147 149 158
f 157 138 158 159
f 155 154 153 160
f 154 152 157 153
f 153 157 159 161
f 160 153 161 162
f 163 164 165 166
f 164 167 168 165
f 165 168 170 173
f 166 165 173 174
f 167 175 169 168
f 175 176 177 169
f 169 177 179 181
f 168 169 181 170
f 170 181 171 182
f 181 179 183 171
f 171 183 184 187
f 182 171 187 188
f 174 173 172 190
f 173 170 182 172
f 172 182 188 191
f 190 172 191 192
f 176 193 178 177
f 193 194 195 178
f 178 195 197 199
f 177 178 199 179
f 194 200 196 195
f 200 201 202 196
f 196 202 203 204
f 195 196 204 197
f 197 204 198 205
f 204 203 206 198
f 198 206 207 208
f 205 198 208 210
f 179 199 180 183
f 199 197 205 180
f 180 205 210 211
f 183 180 211 184
f 184 211 185 212
f 211 210 213 185
f 185 213 214 217
f 212 185 217 218
f 210 208 209 213
f 208 207 220 209
f 209 220 221 222
f 213 209 222 214
f 214 222 215 223
f 222 221 224 215
f 215 224 225 226
f 223 215 226 227
f 218 217 216 228
f 217 214 223 216
f 216 223 227 229
f 228 216 229 230
f 192 191 189 231
f 191 188 232 189
f 189 232 233 235
f 231 189 235 236
f 188 187 186 232
f 187 184 212 186
f 186 212 218 237
f 232 186 237 233
f 233 237 219 238
f 237 218 228 219
f 219 228 230 239
f 238 219 239 240
f 236 235 234 241
f 235 233 238 234
f 234 238 240 242
f 241 234 242 243
