# This file uses centimeters as units for non-parametric coordinates.
v  0 -0.720201552 0.509259284
v  0 -0.461583734 0.763888896
v  -0.309359312 -0.770943046 0.326388896
v  0.309359312 -0.770943046 0.326388896
v  0.209922388 -0.637132883 0.598958313
v  -0.209922388 -0.637132883 0.598958313
v  0.454831839 -0.454831839 0.643229246
v  0.770943046 -0.309359312 0.326388896
v  0.461583734 0 0.763888896
v  0.247978494 -0.247978494 0.819444418
v  0 0 0.878472328
v  0 0.461583734 0.763888896
v  -0.461583734 0 0.763888896
v  -0.247978494 -0.247978494 0.819444418
v  -0.454831839 -0.454831868 0.643229246
v  -0.770943046 -0.309359312 0.326388896
v  0.637132883 -0.209922388 0.598958313
v  0.720201552 0 0.509259284
v  0.770943046 0.309359312 0.326388896
v  0.637132883 0.209922388 0.598958313
v  0.454831839 0.454831839 0.643229246
v  0.309359312 0.770943046 0.326388896
v  0.247978494 0.247978494 0.819444418
v  -0.247978494 0.247978494 0.819444418
v  0.209922388 0.637132883 0.598958313
v  0 0.720201552 0.509259284
v  -0.309359312 0.770943046 0.326388896
v  -0.209922388 0.637132883 0.598958313
v  -0.454831839 0.454831839 0.643229246
v  -0.770943046 0.309359312 0.326388896
v  -0.637132883 -0.209922388 0.598958313
v  -0.637132883 0.209922388 0.598958313
v  -0.720201552 0 0.509259284
v  -0.847055316 0 0.302083343
v  -0.579434931 0.579434872 0.350694418
v  -0.621173859 0.621173799 0
v  -0.309359312 0.770943046 -0.326388896
v  -0.770943046 0.309359312 -0.326388896
v  -0.82741344 0.331456423 0
v  -0.909663498 0 0
v  -0.770943046 -0.309359312 -0.326388896
v  0 0.847055316 0.302083343
v  0 0.909663498 0
v  0.309359312 0.770943046 -0.326388896
v  -0.331456423 0.82741344 0
v  -0.579434872 0.579434931 -0.350694418
v  0 0.847055316 -0.302083343
v  0 0.720201552 -0.509259284
v  0 0.461583734 -0.763888896
v  -0.209922388 0.637132883 -0.598958313
v  -0.454831839 0.454831839 -0.643229246
v  -0.461583734 0 -0.763888896
v  -0.847055316 0 -0.302083343
v  -0.637132883 0.209922388 -0.598958313
v  -0.720201552 0 -0.509259284
v  -0.637132883 -0.209922388 -0.598958313
v  -0.247978494 0.247978494 -0.819444418
v  0 0 -0.878472328
v  0.461583734 0 -0.763888896
v  0 -0.461583734 -0.763888896
v  -0.247978494 -0.247978494 -0.819444418
v  -0.454831868 -0.454831839 -0.643229246
v  -0.309359312 -0.770943046 -0.326388896
v  0.209922388 0.637132883 -0.598958313
v  0.454831839 0.454831839 -0.643229246
v  0.770943046 0.309359312 -0.326388896
v  0.247978494 0.247978494 -0.819444418
v  0.247978494 -0.247978494 -0.819444418
v  0.637132883 0.209922388 -0.598958313
v  0.720201552 0 -0.509259284
v  0.770943046 -0.309359312 -0.326388896
v  0.637132883 -0.209922388 -0.598958313
v  0.454831839 -0.454831839 -0.643229246
v  0.309359312 -0.770943046 -0.326388896
v  -0.209922388 -0.637132883 -0.598958313
v  0.209922388 -0.637132883 -0.598958313
v  0 -0.720201552 -0.509259284
v  0 -0.847055316 -0.302083343
v  0.579434872 -0.579434931 -0.350694418
v  0.621173799 -0.621173859 0
v  0.331456423 -0.82741344 0
v  0 -0.909663498 0
v  0.847055316 0 -0.302083343
v  0.909663498 0 0
v  0.82741344 -0.331456423 0
v  0.579434931 -0.579434872 0.350694418
v  0.847055316 0 0.302083343
v  0 -0.847055316 0.302083343
v  0.82741344 0.331456423 0
v  0.621173859 0.621173799 0
v  0.579434931 0.579434872 0.350694418
v  0.579434931 0.579434872 -0.350694418
v  0.331456423 0.82741344 0
v  -0.331456423 -0.82741344 0
v  -0.621173799 -0.621173859 0
v  -0.579434872 -0.579434931 -0.350694418
v  -0.579434872 -0.579434931 0.350694418
v  -0.82741344 -0.331456423 0
s off
f 1 5 2 6
f 5 7 10 2
f 2 10 11 14
f 6 2 14 15
f 7 17 9 10
f 17 18 20 9
f 9 20 21 23
f 10 9 23 11
f 11 23 12 24
f 23 21 25 12
f 12 25 26 28
f 24 12 28 29
f 15 14 13 31
f 14 11 24 13
f 13 24 29 32
f 31 13 32 33
f 33 32 30 34
f 32 29 35 30
f 30 35 36 39
f 34 30 39 40
f 29 28 27 35
f 28 26 42 27
f 27 42 43 45
f 35 27 45 36
f 36 45 37 46
f 45 43 47 37
f 37 47 48 50
f 46 37 50 51
f 40 39 38 53
f 39 36 46 38
f 38 46 51 54
f 53 38 54 55
f 55 54 52 56
f 54 51 57 52
f 52 57 58 61
f 56 52 61 62
f 51 50 49 57
f 50 48 64 49
f 49 64 65 67
f 57 49 67 58
f 58 67 59 68
f 67 65 69 59
f 59 69 70 72
f 68 59 72 73
f 62 61 60 75
f 61 58 68 60
f 60 68 73 76
f 75 60 76 77
f 77 76 74 78
f 76 73 79 74
f 74 79 80 81
f 78 74 81 82
f 73 72 71 79
f 72 70 83 71
f 71 83 84 85
f 79 71 85 80
f 80 85 8 86
f 85 84 87 8
f 8 87 18 17
f 86 8 17 7
f 82 81 4 88
f 81 80 86 4
f 4 86 7 5
f 88 4 5 1
f 18 87 19 20
f 87 84 89 19
f 19 89 90 91
f 20 19 91 21
f 84 83 66 89
f 83 70 69 66
f 66 69 65 92
f 89 66 92 90
f 90 92 44 93
f 92 65 64 44
f 44 64 48 47
f 93 44 47 43
f 21 91 22 25
f 91 90 93 22
f 22 93 43 42
f 25 22 42 26
f 77 78 63 75
f 78 82 94 63
f 63 94 95 96
f 75 63 96 62
f 82 88 3 94
f 88 1 6 3
f 3 6 15 97
f 94 3 97 95
f 95 97 16 98
f 97 15 31 16
f 16 31 33 34
f 98 16 34 40
f 62 96 41 56
f 96 95 98 41
f 41 98 40 53
f 56 41 53 55

