# This file uses centimeters as units for non-parametric coordinates.
v  -1.19796872 0 0.302031249
v  -1.14593744 0 0.270812511
v  -1.1563437 0 0.343656242
v  -1.22918749 0 0.354062498
v  -1.07828128 0 0.255203128
v  -1.08088279 0 0.33585155
v  -1.00018752 0 0.333249986
v  -1.08283401 0 0.417166024
v  -1.00018752 0 0.499812484
v  -1.16674995 0 0.499812484
v  -1.16414833 0 0.419117182
v  -1.24479687 0 0.421718776
v  -1.00018752 0 0.25
v  -0.916843772 0 0.25
v  -0.916843772 0 0.333249986
v  -0.833437443 0 0.333249986
v  -0.916843712 0 0.416515648
v  -0.833437443 0 0.499812484
v  -1.00018752 0 0.416515619
v  -1.08348441 0 0.499812484
v  -0.916843772 0 0.499812484
v  -0.916843712 0 0.583156228
v  -0.833437443 0 0.666562498
v  -1.00018752 0 0.666562498
v  -1.00018752 0 0.583156228
v  -1.08348441 0 0.583156228
v  -1.16674995 0 0.666562498
v  -1.25 0 0.499812484
v  -1.16674995 0 0.583156228
v  -1.25 0 0.583156228
v  -0.833437502 0 0.25
v  -0.75 0 0.25
v  -0.75 0 0.333249986
v  -0.666562498 0 0.333249986
v  -0.749999881 0 0.416515648
v  -0.666562498 0 0.499812484
v  -0.833437443 0 0.416515619
v  -0.666562498 0 0.25
v  -0.583156228 0 0.25
v  -0.583156228 0 0.333249986
v  -0.499812484 0 0.333249986
v  -0.583156228 0 0.416515648
v  -0.499812484 0 0.499812484
v  -0.666562498 0 0.416515619
v  -0.75 0 0.499812484
v  -0.583156228 0 0.499812484
v  -0.583156228 0 0.583156228
v  -0.499812484 0 0.666562498
v  -0.666562498 0 0.666562498
v  -0.666562498 0 0.583156228
v  -0.749999881 0 0.583156228
v  -0.833437443 0 0.583156228
v  -0.499812484 0 0.25
v  -0.421718776 0 0.255203128
v  -0.419117153 0 0.33585155
v  -0.343656242 0 0.343656242
v  -0.417166024 0 0.417166024
v  -0.333249986 0 0.499812484
v  -0.499812484 0 0.416515619
v  -0.354062498 0 0.270812511
v  -0.302031249 0 0.302031249
v  -0.270812511 0 0.354062498
v  -0.255203128 0 0.421718776
v  -0.33585155 0 0.419117182
v  -0.416515619 0 0.499812484
v  -0.25 0 0.499812484
v  -0.25 0 0.583156228
v  -0.333249986 0 0.583156228
v  -0.333249986 0 0.666562498
v  -0.416515648 0 0.583156228
v  -0.499812484 0 0.583156228
v  -1.25 0 0.666562498
v  -1.08348441 0 0.666562498
v  -1.08348441 0 0.749999881
v  -1.00018752 0 0.833437443
v  -1.16674995 0 0.833437443
v  -1.16674995 0 0.75
v  -1.25 0 0.75
v  -0.916843772 0 0.666562498
v  -0.916843712 0 0.749999881
v  -0.833437443 0 0.833437443
v  -1.00018752 0 0.75
v  -1.08348441 0 0.833437443
v  -0.916843772 0 0.833437443
v  -0.916843712 0 0.916843772
v  -0.833437443 0 1.00018752
v  -1.00018752 0 1.00018752
v  -1.00018752 0 0.916843772
v  -1.08348441 0 0.916843772
v  -1.16674995 0 1.00018752
v  -1.25 0 0.833437502
v  -1.16674995 0 0.916843772
v  -1.25 0 0.916843772
v  -0.75 0 0.666562498
v  -0.749999881 0 0.749999881
v  -0.666562498 0 0.833437443
v  -0.833437443 0 0.75
v  -0.583156228 0 0.666562498
v  -0.583156228 0 0.749999881
v  -0.499812484 0 0.833437443
v  -0.666562498 0 0.75
v  -0.75 0 0.833437443
v  -0.583156228 0 0.833437443
v  -0.583156228 0 0.916843772
v  -0.499812484 0 1.00018752
v  -0.666562498 0 1.00018752
v  -0.666562498 0 0.916843772
v  -0.749999881 0 0.916843772
v  -0.833437443 0 0.916843772
v  -0.416515589 0 0.666562498
v  -0.416515648 0 0.749999881
v  -0.333249986 0 0.833437443
v  -0.499812484 0 0.75
v  -0.25 0 0.666562498
v  -0.25 0 0.75
v  -0.333249986 0 0.75
v  -0.416515619 0 0.833437443
v  -0.25 0 0.833437502
v  -0.25 0 0.916843772
v  -0.333249986 0 0.916843772
v  -0.333249986 0 1.00018752
v  -0.416515648 0 0.916843772
v  -0.499812484 0 0.916843772
v  -1.25 0 1.00018752
v  -1.08348441 0 1.00018752
v  -1.08283401 0 1.08283401
v  -1.00018752 0 1.16674995
v  -1.1563437 0 1.1563437
v  -1.16414833 0 1.08088279
v  -1.24479687 0 1.07828128
v  -0.916843772 0 1.00018752
v  -0.916843712 0 1.08348441
v  -0.833437443 0 1.16674995
v  -1.00018752 0 1.08348441
v  -1.08088279 0 1.16414833
v  -0.916843772 0 1.16674995
v  -0.916843772 0 1.25
v  -1.00018752 0 1.25
v  -1.07828128 0 1.24479687
v  -1.22918749 0 1.14593744
v  -1.14593744 0 1.22918749
v  -1.19796872 0 1.19796872
v  -0.75 0 1.00018752
v  -0.749999881 0 1.08348441
v  -0.666562498 0 1.16674995
v  -0.833437443 0 1.08348441
v  -0.583156228 0 1.00018752
v  -0.583156228 0 1.08348441
v  -0.499812484 0 1.16674995
v  -0.666562498 0 1.08348441
v  -0.75 0 1.16674995
v  -0.583156228 0 1.16674995
v  -0.583156228 0 1.25
v  -0.666562498 0 1.25
v  -0.75 0 1.25
v  -0.833437502 0 1.25
v  -0.416515589 0 1.00018752
v  -0.417166024 0 1.08283401
v  -0.343656242 0 1.1563437
v  -0.499812484 0 1.08348441
v  -0.25 0 1.00018752
v  -0.255203128 0 1.07828128
v  -0.33585155 0 1.08088279
v  -0.419117182 0 1.16414833
v  -0.270812511 0 1.14593744
v  -0.302031249 0 1.19796872
v  -0.354062498 0 1.22918749
v  -0.421718776 0 1.24479687
v  -0.499812484 0 1.25
v  0.25 0 0.25
v  0.333249986 -0.0625 0.25
v  0.333249986 -0.0625 0.333249986
v  0.25 0 0.333249986
v  0.416515648 -0.12109375 0.25
v  0.416515619 -0.12109375 0.333249986
v  0.499812484 -0.171875 0.333249986
v  0.416515648 -0.12109375 0.416515648
v  0.499812484 -0.171875 0.499812484
v  0.333249986 -0.0625 0.499812484
v  0.333249986 -0.0625 0.416515619
v  0.25 0 0.416515648
v  0.499812484 -0.171875 0.25
v  0.583156228 -0.2109375 0.25
v  0.583156228 -0.2109375 0.333249986
v  0.666562557 -0.234375 0.333249986
v  0.583156288 -0.2109375 0.416515648
v  0.666562557 -0.234375 0.499812484
v  0.499812484 -0.171875 0.416515619
v  0.416515648 -0.12109375 0.499812484
v  0.583156228 -0.2109375 0.499812484
v  0.583156288 -0.2109375 0.583156228
v  0.666562557 -0.234375 0.666562498
v  0.499812484 -0.171875 0.666562498
v  0.499812484 -0.171875 0.583156228
v  0.416515648 -0.12109375 0.583156228
v  0.333249986 -0.0625 0.666562498
v  0.25 0 0.499812484
v  0.333249986 -0.0625 0.583156228
v  0.25 0 0.583156228
v  0.666562498 -0.234375 0.25
v  0.75 -0.2421875 0.25
v  0.75 -0.2421875 0.333249986
v  0.833437502 -0.234375 0.333249986
v  0.750000119 -0.2421875 0.416515648
v  0.833437502 -0.234375 0.499812484
v  0.666562557 -0.234375 0.416515619
v  0.833437502 -0.234375 0.25
v  0.916843772 -0.2109375 0.25
v  0.916843772 -0.2109375 0.333249986
v  1.00018752 -0.171875 0.333249986
v  0.916843832 -0.2109375 0.416515648
v  1.00018752 -0.171875 0.499812484
v  0.833437502 -0.234375 0.416515619
v  0.75 -0.2421875 0.499812484
v  0.916843772 -0.2109375 0.499812484
v  0.916843832 -0.2109375 0.583156228
v  1.00018752 -0.171875 0.666562498
v  0.833437502 -0.234375 0.666562498
v  0.833437502 -0.234375 0.583156228
v  0.750000119 -0.2421875 0.583156228
v  0.666562557 -0.234375 0.583156228
v  1.00018752 -0.171875 0.25
v  1.08348441 -0.12109375 0.25
v  1.08348441 -0.12109375 0.333249986
v  1.16674995 -0.0625 0.333249986
v  1.08348441 -0.12109375 0.416515648
v  1.16674995 -0.0625 0.499812484
v  1.00018752 -0.171875 0.416515619
v  1.16674995 -0.0625 0.25
v  1.25 0 0.25
v  1.25 0 0.333249986
v  1.25 0 0.416515648
v  1.16674995 -0.0625 0.416515619
v  1.08348441 -0.12109375 0.499812484
v  1.25 0 0.499812484
v  1.25 0 0.583156228
v  1.16674995 -0.0625 0.583156228
v  1.16674995 -0.0625 0.666562498
v  1.08348429 -0.12109375 0.583156228
v  1.00018752 -0.171875 0.583156228
v  0.25 0 0.666562498
v  0.416515619 -0.12109375 0.666562498
v  0.416515648 -0.12109375 0.749999881
v  0.499812484 -0.171875 0.833437443
v  0.333249986 -0.0625 0.833437443
v  0.333249986 -0.0625 0.75
v  0.25 0 0.75
v  0.583156228 -0.2109375 0.666562498
v  0.583156288 -0.2109375 0.749999881
v  0.666562557 -0.234375 0.833437443
v  0.499812484 -0.171875 0.75
v  0.416515648 -0.12109375 0.833437443
v  0.583156228 -0.2109375 0.833437443
v  0.583156288 -0.2109375 0.916843772
v  0.666562557 -0.234375 1.00018752
v  0.499812484 -0.171875 1.00018752
v  0.499812484 -0.171875 0.916843772
v  0.416515648 -0.12109375 0.916843772
v  0.333249986 -0.0625 1.00018752
v  0.25 0 0.833437502
v  0.333249986 -0.0625 0.916843772
v  0.25 0 0.916843772
v  0.75 -0.2421875 0.666562498
v  0.750000119 -0.2421875 0.749999881
v  0.833437502 -0.234375 0.833437443
v  0.666562557 -0.234375 0.75
v  0.916843772 -0.2109375 0.666562498
v  0.916843832 -0.2109375 0.749999881
v  1.00018752 -0.171875 0.833437443
v  0.833437502 -0.234375 0.75
v  0.75 -0.2421875 0.833437443
v  0.916843772 -0.2109375 0.833437443
v  0.916843832 -0.2109375 0.916843772
v  1.00018752 -0.171875 1.00018752
v  0.833437502 -0.234375 1.00018752
v  0.833437502 -0.234375 0.916843772
v  0.750000119 -0.2421875 0.916843772
v  0.666562557 -0.234375 0.916843772
v  1.08348441 -0.12109375 0.666562498
v  1.08348441 -0.12109375 0.749999881
v  1.16674995 -0.0625 0.833437443
v  1.00018752 -0.171875 0.75
v  1.25 0 0.666562498
v  1.25 0 0.75
v  1.16674995 -0.0625 0.75
v  1.08348441 -0.12109375 0.833437443
v  1.25 0 0.833437502
v  1.25 0 0.916843772
v  1.16674995 -0.0625 0.916843772
v  1.16674995 -0.0625 1.00018752
v  1.08348429 -0.12109375 0.916843772
v  1.00018752 -0.171875 0.916843772
v  0.25 0 1.00018752
v  0.416515619 -0.12109375 1.00018752
v  0.417166024 -0.121582031 1.08283401
v  0.499812484 -0.171875 1.16674995
v  0.343656242 -0.0703125 1.1563437
v  0.33585155 -0.064453125 1.08088279
v  0.255203128 -0.00390625 1.07828128
v  0.583156228 -0.2109375 1.00018752
v  0.583156288 -0.2109375 1.08348441
v  0.666562557 -0.234375 1.16674995
v  0.499812484 -0.171875 1.08348441
v  0.419117212 -0.123046875 1.16414833
v  0.583156228 -0.2109375 1.16674995
v  0.583156228 -0.2109375 1.25
v  0.499812484 -0.171875 1.25
v  0.421718776 -0.125 1.24479687
v  0.270812511 -0.015625 1.14593744
v  0.354062498 -0.078125 1.22918749
v  0.302031249 -0.0390625 1.19796872
v  0.75 -0.2421875 1.00018752
v  0.750000119 -0.2421875 1.08348441
v  0.833437502 -0.234375 1.16674995
v  0.666562557 -0.234375 1.08348441
v  0.916843772 -0.2109375 1.00018752
v  0.916843832 -0.2109375 1.08348441
v  1.00018752 -0.171875 1.16674995
v  0.833437502 -0.234375 1.08348441
v  0.75 -0.2421875 1.16674995
v  0.916843772 -0.2109375 1.16674995
v  0.916843772 -0.2109375 1.25
v  0.833437502 -0.234375 1.25
v  0.75 -0.2421875 1.25
v  0.666562498 -0.234375 1.25
v  1.08348441 -0.12109375 1.00018752
v  1.08283401 -0.121582031 1.08283401
v  1.1563437 -0.0703125 1.1563437
v  1.00018752 -0.171875 1.08348441
v  1.25 0 1.00018752
v  1.24479687 -0.00390625 1.07828128
v  1.16414833 -0.064453125 1.08088279
v  1.08088279 -0.123046875 1.16414833
v  1.22918749 -0.015625 1.14593744
v  1.19796872 -0.0390625 1.19796872
v  1.14593744 -0.078125 1.22918749
v  1.07828128 -0.125 1.24479687
v  1.00018752 -0.171875 1.25
v  -1.09375 0 -1.09375
v  -0.9375 0 -1.1875
v  -0.96875 0 -0.96875
v  -1.1875 0 -0.9375
v  -0.75 0 -1.21875
v  -0.75 0 -0.984375
v  -0.53125 0 -0.96875
v  -0.75 0 -0.75
v  -0.53125 0 -0.53125
v  -0.96875 0 -0.53125
v  -0.984375 0 -0.75
v  -1.21875 0 -0.75
v  -0.5625 0 -1.1875
v  -0.40625 0 -1.09375
v  -0.3125 0 -0.9375
v  -0.28125 0 -0.75
v  -0.515625 0 -0.75
v  -0.75 0 -0.515625
v  -0.3125 0 -0.5625
v  -0.40625 0 -0.40625
v  -0.5625 0 -0.3125
v  -0.75 0 -0.28125
v  -1.1875 0 -0.5625
v  -0.9375 0 -0.3125
v  -1.09375 0 -0.40625
v  0.25 0 -1.25
v  0.5 0 -1.25
v  0.5 0 -1
v  0.25 0 -1
v  0.75 0 -1.25
v  0.75 0 -1
v  1 0 -1
v  0.75 0 -0.75
v  1 0 -0.5
v  0.5 0 -0.5
v  0.5 0 -0.75
v  0.25 0 -0.75
v  1 0 -1.25
v  1.25 0 -1.25
v  1.25 0 -1
v  1.25 0 -0.75
v  1 0 -0.75
v  0.75 0 -0.5
v  1.25 0 -0.5
v  1.25 0 -0.25
v  1 0 -0.25
v  0.75 0 -0.25
v  0.25 0 -0.5
v  0.5 0 -0.25
v  0.25 0 -0.25
s off
f 1 2 3 4
f 2 5 6 3
f 3 6 8 11
f 4 3 11 12
f 5 13 7 6
f 13 14 15 7
f 7 15 17 19
f 6 7 19 8
f 8 19 9 20
f 19 17 21 9
f 9 21 22 25
f 20 9 25 26
f 12 11 10 28
f 11 8 20 10
f 10 20 26 29
f 28 10 29 30
f 14 31 16 15
f 31 32 33 16
f 16 33 35 37
f 15 16 37 17
f 32 38 34 33
f 38 39 40 34
f 34 40 42 44
f 33 34 44 35
f 35 44 36 45
f 44 42 46 36
f 36 46 47 50
f 45 36 50 51
f 17 37 18 21
f 37 35 45 18
f 18 45 51 52
f 21 18 52 22
f 39 53 41 40
f 53 54 55 41
f 41 55 57 59
f 40 41 59 42
f 54 60 56 55
f 60 61 62 56
f 56 62 63 64
f 55 56 64 57
f 57 64 58 65
f 64 63 66 58
f 58 66 67 68
f 65 58 68 70
f 42 59 43 46
f 59 57 65 43
f 43 65 70 71
f 46 43 71 47
f 30 29 27 72
f 29 26 73 27
f 27 73 74 77
f 72 27 77 78
f 26 25 24 73
f 25 22 79 24
f 24 79 80 82
f 73 24 82 74
f 74 82 75 83
f 82 80 84 75
f 75 84 85 88
f 83 75 88 89
f 78 77 76 91
f 77 74 83 76
f 76 83 89 92
f 91 76 92 93
f 22 52 23 79
f 52 51 94 23
f 23 94 95 97
f 79 23 97 80
f 51 50 49 94
f 50 47 98 49
f 49 98 99 101
f 94 49 101 95
f 95 101 96 102
f 101 99 103 96
f 96 103 104 107
f 102 96 107 108
f 80 97 81 84
f 97 95 102 81
f 81 102 108 109
f 84 81 109 85
f 47 71 48 98
f 71 70 110 48
f 48 110 111 113
f 98 48 113 99
f 70 68 69 110
f 68 67 114 69
f 69 114 115 116
f 110 69 116 111
f 111 116 112 117
f 116 115 118 112
f 112 118 119 120
f 117 112 120 122
f 99 113 100 103
f 113 111 117 100
f 100 117 122 123
f 103 100 123 104
f 93 92 90 124
f 92 89 125 90
f 90 125 126 129
f 124 90 129 130
f 89 88 87 125
f 88 85 131 87
f 87 131 132 134
f 125 87 134 126
f 126 134 127 135
f 134 132 136 127
f 127 136 137 138
f 135 127 138 139
f 130 129 128 140
f 129 126 135 128
f 128 135 139 141
f 140 128 141 142
f 85 109 86 131
f 109 108 143 86
f 86 143 144 146
f 131 86 146 132
f 108 107 106 143
f 107 104 147 106
f 106 147 148 150
f 143 106 150 144
f 144 150 145 151
f 150 148 152 145
f 145 152 153 154
f 151 145 154 155
f 132 146 133 136
f 146 144 151 133
f 133 151 155 156
f 136 133 156 137
f 104 123 105 147
f 123 122 157 105
f 105 157 158 160
f 147 105 160 148
f 122 120 121 157
f 120 119 161 121
f 121 161 162 163
f 157 121 163 158
f 158 163 159 164
f 163 162 165 159
f 159 165 166 167
f 164 159 167 168
f 148 160 149 152
f 160 158 164 149
f 149 164 168 169
f 152 149 169 153
f 170 171 172 173
f 171 174 175 172
f 172 175 177 180
f 173 172 180 181
f 174 182 176 175
f 182 183 184 176
f 176 184 186 188
f 175 176 188 177
f 177 188 178 189
f 188 186 190 178
f 178 190 191 194
f 189 178 194 195
f 181 180 179 197
f 180 177 189 179
f 179 189 195 198
f 197 179 198 199
f 183 200 185 184
f 200 201 202 185
f 185 202 204 206
f 184 185 206 186
f 201 207 203 202
f 207 208 209 203
f 203 209 211 213
f 202 203 213 204
f 204 213 205 214
f 213 211 215 205
f 205 215 216 219
f 214 205 219 220
f 186 206 187 190
f 206 204 214 187
f 187 214 220 221
f 190 187 221 191
f 208 222 210 209
f 222 223 224 210
f 210 224 226 228
f 209 210 228 211
f 223 229 225 224
f 229 230 231 225
f 225 231 232 233
f 224 225 233 226
f 226 233 227 234
f 233 232 235 227
f 227 235 236 237
f 234 227 237 239
f 211 228 212 215
f 228 226 234 212
f 212 234 239 240
f 215 212 240 216
f 199 198 196 241
f 198 195 242 196
f 196 242 243 246
f 241 196 246 247
f 195 194 193 242
f 194 191 248 193
f 193 248 249 251
f 242 193 251 243
f 243 251 244 252
f 251 249 253 244
f 244 253 254 257
f 252 244 257 258
f 247 246 245 260
f 246 243 252 245
f 245 252 258 261
f 260 245 261 262
f 191 221 192 248
f 221 220 263 192
f 192 263 264 266
f 248 192 266 249
f 220 219 218 263
f 219 216 267 218
f 218 267 268 270
f 263 218 270 264
f 264 270 265 271
f 270 268 272 265
f 265 272 273 276
f 271 265 276 277
f 249 266 250 253
f 266 264 271 250
f 250 271 277 278
f 253 250 278 254
f 216 240 217 267
f 240 239 279 217
f 217 279 280 282
f 267 217 282 268
f 239 237 238 279
f 237 236 283 238
f 238 283 284 285
f 279 238 285 280
f 280 285 281 286
f 285 284 287 281
f 281 287 288 289
f 286 281 289 291
f 268 282 269 272
f 282 280 286 269
f 269 286 291 292
f 272 269 292 273
f 262 261 259 293
f 261 258 294 259
f 259 294 295 298
f 293 259 298 299
f 258 257 256 294
f 257 254 300 256
f 256 300 301 303
f 294 256 303 295
f 295 303 296 304
f 303 301 305 296
f 296 305 306 307
f 304 296 307 308
f 299 298 297 309
f 298 295 304 297
f 297 304 308 310
f 309 297 310 311
f 254 278 255 300
f 278 277 312 255
f 255 312 313 315
f 300 255 315 301
f 277 276 275 312
f 276 273 316 275
f 275 316 317 319
f 312 275 319 313
f 313 319 314 320
f 319 317 321 314
f 314 321 322 323
f 320 314 323 324
f 301 315 302 305
f 315 313 320 302
f 302 320 324 325
f 305 302 325 306
f 273 292 274 316
f 292 291 326 274
f 274 326 327 329
f 316 274 329 317
f 291 289 290 326
f 289 288 330 290
f 290 330 331 332
f 326 290 332 327
f 327 332 328 333
f 332 331 334 328
f 328 334 335 336
f 333 328 336 337
f 317 329 318 321
f 329 327 333 318
f 318 333 337 338
f 321 318 338 322
f 339 340 341 342
f 340 343 344 341
f 341 344 346 349
f 342 341 349 350
f 343 351 345 344
f 351 352 353 345
f 345 353 354 355
f 344 345 355 346
f 346 355 347 356
f 355 354 357 347
f 347 357 358 359
f 356 347 359 360
f 350 349 348 361
f 349 346 356 348
f 348 356 360 362
f 361 348 362 363
f 364 365 366 367
f 365 368 369 366
f 366 369 371 374
f 367 366 374 375
f 368 376 370 369
f 376 377 378 370
f 370 378 379 380
f 369 370 380 371
f 371 380 372 381
f 380 379 382 372
f 372 382 383 384
f 381 372 384 385
f 375 374 373 386
f 374 371 381 373
f 373 381 385 387
f 386 373 387 388

