# This file uses centimeters as units for non-parametric coordinates.
v  -2 0 0
v  -1.75 -0.25 0
v  -1.5 0 0
v  -1.75 0.25 0
v  -1.5 -0.5 0
v  -1.25 -0.25 0
v  -1 -0.5 0
v  -1 0 0.015625
v  -0.5 0 0.25
v  -1 0.5 0
v  -1.25 0.25 0
v  -1.5 0.5 0
v  1.5 0.5 0
v  1.25 0.25 0
v  1.5 0 0
v  1 0.5 0
v  1.75 0.25 0
v  1 0 0.125
v  0.5 0 0.5
v  1 -0.5 0.5
v  1.25 -0.25 0.125
v  1.5 -0.5 0.125
v  1.75 -0.25 0
v  2 0 0
v  0.5 -1.5 0.125
v  0.25 -1.25 0.125
v  0 -1.5 0
v  0.5 -1 0.5
v  0.25 -1.75 0
v  0 -1 0.125
v  0 -0.5 0.5
v  -0.5 -1 0
v  -0.25 -1.25 0
v  -0.5 -1.5 0
v  -0.25 -1.75 0
v  0 -2 0
v  1 -1 1
v  0.75 -0.75 1
v  0.75 -1.25 0.5
v  0.5 -0.5 1
v  0.25 -0.75 0.5
v  1.25 -0.75 0.5
v  0.75 -0.25 0.5
v  1 1 0
v  0.75 0.75 0
v  0.5 1 0
v  1.25 0.75 0
v  0.5 0.5 0.109375
v  0 0.5 0.25
v  0.75 0.25 0.125
v  -0.25 -0.75 0.125
v  -0.5 -0.5 0.109375
v  -0.75 -0.75 0
v  -1 -1 0
v  -0.75 -1.25 0
v  0.25 -0.25 1
v  0 0 0.65625
v  -0.25 -0.25 0.4375
v  0.25 0.25 0.4375
v  0.5 1.5 0
v  0.25 1.25 0
v  0 1.5 0
v  0.75 1.25 0
v  0 1 0.015625
v  -0.5 1 0
v  0.25 0.75 0.0625
v  -0.75 -0.25 0.0625
v  -1.25 -0.75 0
v  -0.25 0.25 0.375
v  -0.5 0.5 0.09375
v  -0.75 0.25 0.0625
v  -0.25 0.75 0.0625
v  -0.5 1.5 0
v  -0.25 1.25 0
v  -0.25 1.75 0
v  0.25 1.75 0
v  0 2 0
v  -1 1 0
v  -0.75 0.75 0
v  -0.75 1.25 0
v  -1.25 0.75 0
s off
f 1 2 3 4
f 2 5 6 3
f 3 6 8 11
f 4 3 11 12
f 13 14 15 17
f 14 18 21 15
f 15 21 22 23
f 17 15 23 24
f 25 26 27 29
f 26 30 33 27
f 27 33 34 35
f 29 27 35 36
f 37 38 28 39
f 38 40 41 28
f 28 41 30 26
f 39 28 26 25
f 22 21 20 42
f 21 18 43 20
f 20 43 40 38
f 42 20 38 37
f 44 45 16 47
f 45 48 50 16
f 16 50 18 14
f 47 16 14 13
f 30 51 32 33
f 51 52 53 32
f 32 53 54 55
f 33 32 55 34
f 40 56 31 41
f 56 57 58 31
f 31 58 52 51
f 41 31 51 30
f 18 50 19 43
f 50 48 59 19
f 19 59 57 56
f 43 19 56 40
f 60 61 46 63
f 61 64 66 46
f 46 66 48 45
f 63 46 45 44
f 52 67 7 53
f 67 8 6 7
f 7 6 5 68
f 53 7 68 54
f 57 69 9 58
f 69 70 71 9
f 9 71 8 67
f 58 9 67 52
f 48 66 49 59
f 66 64 72 49
f 49 72 70 69
f 59 49 69 57
f 73 74 62 75
f 74 64 61 62
f 62 61 60 76
f 75 62 76 77
f 78 79 65 80
f 79 70 72 65
f 65 72 64 74
f 80 65 74 73
f 12 11 10 81
f 11 8 71 10
f 10 71 70 79
f 81 10 79 78

