# This file uses centimeters as units for non-parametric coordinates.
v  0 -1.3359375 0
v  0.125 -1.328125 0
v  0 -1.2890625 0
v  -0.125 -1.328125 0
v  0.249023438 -1.30566406 0
v  0.124145508 -1.24572754 0
v  0.246582031 -1.19384766 0
v  0 -1.18356323 0
v  0 -1.03759766 0
v  -0.246582031 -1.19384766 0
v  -0.124145508 -1.24572754 0
v  -0.249023438 -1.30566406 0
v  0.37109375 -1.26953125 0
v  0.490234375 -1.22070312 0
v  0.366455078 -1.13305664 0
v  0.482910156 -1.06298828 0
v  0.243164062 -1.0446167 0
v  0.239257812 -0.866699219 0
v  0.122680664 -1.11694336 0
v  -0.122680664 -1.11694336 0
v  0.120849609 -0.954589844 0
v  0 -0.862182617 0
v  0 -0.664550781 0
v  -0.239257812 -0.866699219 0
v  -0.120849609 -0.954589844 0
v  -0.243164062 -1.0446167 0
v  -0.482910156 -1.06298828 0
v  -0.37109375 -1.26953125 0
v  -0.366455078 -1.13305664 0
v  -0.490234375 -1.22070312 0
v  0.60546875 -1.16015625 0
v  0.715820312 -1.08886719 0
v  0.595092773 -0.98425293 0
v  0.702148438 -0.897460938 0
v  0.474609375 -0.879364014 0
v  0.466308594 -0.676269531 0
v  0.360717773 -0.965332031 0
v  0.8203125 -1.0078125 0
v  0.91796875 -0.91796875 0
v  0.803222656 -0.803222656 0
v  0.897460938 -0.702148438 0
v  0.688476562 -0.688476562 0
v  0.676269531 -0.466308594 0
v  0.584106445 -0.786987305 0
v  0.354614258 -0.773925781 0
v  0.573730469 -0.573730469 0
v  0.458984375 -0.458984375 0
v  0.453613281 -0.231933594 0
v  0.231933594 -0.453613281 0
v  0.348876953 -0.565185547 0
v  0.235351562 -0.667663574 0
v  0.118896484 -0.766601562 0
v  -0.118896484 -0.766601562 0
v  0.11706543 -0.560302734 0
v  0 -0.451629639 0
v  0 -0.228515625 0
v  -0.231933594 -0.453613281 0
v  -0.11706543 -0.560302734 0
v  -0.235351562 -0.667663574 0
v  -0.466308594 -0.676269531 0
v  0.344238281 -0.344238281 0
v  0.229492188 -0.229492188 0
v  0.228515625 0 0
v  0.115600586 -0.341430664 0
v  -0.115600586 -0.341430664 0
v  0.114746094 -0.114746094 0
v  0 0 0
v  0 0.228515625 0
v  -0.228515625 0 0
v  -0.114746094 -0.114746094 0
v  -0.229492188 -0.229492188 0
v  -0.453613281 -0.231933594 0
v  -0.348876953 -0.565185547 0
v  -0.344238281 -0.344238281 0
v  -0.458984375 -0.458984375 0
v  -0.676269531 -0.466308594 0
v  -0.60546875 -1.16015625 0
v  -0.360717773 -0.965332031 0
v  -0.474609375 -0.879364014 0
v  -0.702148438 -0.897460938 0
v  -0.595092773 -0.98425293 0
v  -0.715820312 -1.08886719 0
v  -0.354614258 -0.773925781 0
v  -0.584106445 -0.786987305 0
v  -0.573730469 -0.573730469 0
v  -0.688476562 -0.688476562 0
v  -0.897460938 -0.702148438 0
v  -0.8203125 -1.0078125 0
v  -0.803222656 -0.803222656 0
v  -0.91796875 -0.91796875 0
v  1.0078125 -0.8203125 0
v  1.08886719 -0.715820312 0
v  0.98425293 -0.595092773 0
v  1.06298828 -0.482910156 0
v  0.879364014 -0.474609375 0
v  0.866699219 -0.239257812 0
v  0.786987305 -0.584106445 0
v  1.16015625 -0.60546875 0
v  1.22070312 -0.490234375 0
v  1.13305664 -0.366455078 0
v  1.19384766 -0.246582031 0
v  1.0446167 -0.243164062 0
v  1.03759766 0 0
v  0.965332031 -0.360717773 0
v  0.773925781 -0.354614258 0
v  0.954589844 -0.120849609 0
v  0.862182617 0 0
v  0.866699219 0.239257812 0
v  0.664550781 0 0
v  0.766601562 -0.118896484 0
v  0.667663574 -0.235351562 0
v  0.565185547 -0.348876953 0
v  1.26953125 -0.37109375 0
v  1.30566406 -0.249023438 0
v  1.24572754 -0.124145508 0
v  1.2890625 0 0
v  1.18356323 0 0
v  1.19384766 0.246582031 0
v  1.11694336 -0.122680664 0
v  1.328125 -0.125 0
v  1.3359375 0 0
v  1.328125 0.125 0
v  1.30566406 0.249023438 0
v  1.24572754 0.124145508 0
v  1.11694336 0.122680664 0
v  1.26953125 0.37109375 0
v  1.22070312 0.490234375 0
v  1.13305664 0.366455078 0
v  1.06298828 0.482910156 0
v  1.0446167 0.243164062 0
v  0.954589844 0.120849609 0
v  0.766601562 0.118896484 0
v  0.965332031 0.360717773 0
v  0.879364014 0.474609375 0
v  0.897460938 0.702148438 0
v  0.676269531 0.466308594 0
v  0.773925781 0.354614258 0
v  0.667663574 0.235351562 0
v  0.453613281 0.231933594 0
v  1.16015625 0.60546875 0
v  1.08886719 0.715820312 0
v  0.98425293 0.595092773 0
v  0.786987305 0.584106445 0
v  1.0078125 0.8203125 0
v  0.91796875 0.91796875 0
v  0.803222656 0.803222656 0
v  0.702148438 0.897460938 0
v  0.688476562 0.688476562 0
v  0.466308594 0.676269531 0
v  0.565185547 0.348876953 0
v  0.573730469 0.573730469 0
v  0.458984375 0.458984375 0
v  0.231933594 0.453613281 0
v  0.560302734 -0.11706543 0
v  0.451629639 0 0
v  0.341430664 -0.115600586 0
v  0.560302734 0.11706543 0
v  0.341430664 0.115600586 0
v  0.344238281 0.344238281 0
v  0.229492188 0.229492188 0
v  0.114746094 0.114746094 0
v  -0.114746094 0.114746094 0
v  0.115600586 0.341430664 0
v  0 0.451629639 0
v  0 0.664550781 0
v  -0.231933594 0.453613281 0
v  -0.115600586 0.341430664 0
v  -0.229492188 0.229492188 0
v  -0.453613281 0.231933594 0
v  0.348876953 0.565185547 0
v  0.235351562 0.667663574 0
v  0.239257812 0.866699219 0
v  0.11706543 0.560302734 0
v  -0.11706543 0.560302734 0
v  0.118896484 0.766601562 0
v  0 0.862182617 0
v  0 1.03759766 0
v  -0.239257812 0.866699219 0
v  -0.118896484 0.766601562 0
v  -0.235351562 0.667663574 0
v  -0.466308594 0.676269531 0
v  -0.344238281 0.344238281 0
v  -0.348876953 0.565185547 0
v  -0.458984375 0.458984375 0
v  -0.676269531 0.466308594 0
v  0.584106445 0.786987305 0
v  0.474609375 0.879364014 0
v  0.482910156 1.06298828 0
v  0.354614258 0.773925781 0
v  0.8203125 1.0078125 0
v  0.715820312 1.08886719 0
v  0.595092773 0.98425293 0
v  0.360717773 0.965332031 0
v  0.60546875 1.16015625 0
v  0.490234375 1.22070312 0
v  0.366455078 1.13305664 0
v  0.246582031 1.19384766 0
v  0.243164062 1.0446167 0
v  0.120849609 0.954589844 0
v  -0.120849609 0.954589844 0
v  0.122680664 1.11694336 0
v  0 1.18356323 0
v  0 1.2890625 0
v  -0.246582031 1.19384766 0
v  -0.122680664 1.11694336 0
v  -0.243164062 1.0446167 0
v  -0.482910156 1.06298828 0
v  0.37109375 1.26953125 0
v  0.249023438 1.30566406 0
v  0.124145508 1.24572754 0
v  -0.124145508 1.24572754 0
v  0.125 1.328125 0
v  0 1.3359375 0
v  -0.125 1.328125 0
v  -0.249023438 1.30566406 0
v  -0.366455078 1.13305664 0
v  -0.37109375 1.26953125 0
v  -0.490234375 1.22070312 0
v  -0.573730469 0.573730469 0
v  -0.354614258 0.773925781 0
v  -0.474609375 0.879364014 0
v  -0.702148438 0.897460938 0
v  -0.584106445 0.786987305 0
v  -0.688476562 0.688476562 0
v  -0.897460938 0.702148438 0
v  -0.360717773 0.965332031 0
v  -0.595092773 0.98425293 0
v  -0.60546875 1.16015625 0
v  -0.715820312 1.08886719 0
v  -0.803222656 0.803222656 0
v  -0.8203125 1.0078125 0
v  -0.91796875 0.91796875 0
v  -1.0078125 -0.8203125 0
v  -0.786987305 -0.584106445 0
v  -0.879364014 -0.474609375 0
v  -0.866699219 -0.239257812 0
v  -1.06298828 -0.482910156 0
v  -0.98425293 -0.595092773 0
v  -1.08886719 -0.715820312 0
v  -0.565185547 -0.348876953 0
v  -0.667663574 -0.235351562 0
v  -0.664550781 0 0
v  -0.773925781 -0.354614258 0
v  -0.965332031 -0.360717773 0
v  -0.766601562 -0.118896484 0
v  -0.862182617 0 0
v  -0.866699219 0.239257812 0
v  -1.03759766 0 0
v  -0.954589844 -0.120849609 0
v  -1.0446167 -0.243164062 0
v  -1.19384766 -0.246582031 0
v  -1.16015625 -0.60546875 0
v  -1.13305664 -0.366455078 0
v  -1.22070312 -0.490234375 0
v  -0.341430664 -0.115600586 0
v  -0.451629639 0 0
v  -0.560302734 -0.11706543 0
v  -0.341430664 0.115600586 0
v  -0.560302734 0.11706543 0
v  -0.565185547 0.348876953 0
v  -0.667663574 0.235351562 0
v  -0.766601562 0.118896484 0
v  -0.954589844 0.120849609 0
v  -0.773925781 0.354614258 0
v  -0.879364014 0.474609375 0
v  -1.06298828 0.482910156 0
v  -0.965332031 0.360717773 0
v  -1.0446167 0.243164062 0
v  -1.19384766 0.246582031 0
v  -0.786987305 0.584106445 0
v  -0.98425293 0.595092773 0
v  -1.0078125 0.8203125 0
v  -1.08886719 0.715820312 0
v  -1.13305664 0.366455078 0
v  -1.16015625 0.60546875 0
v  -1.22070312 0.490234375 0
v  -1.26953125 -0.37109375 0
v  -1.11694336 -0.122680664 0
v  -1.18356323 0 0
v  -1.2890625 0 0
v  -1.24572754 -0.124145508 0
v  -1.30566406 -0.249023438 0
v  -1.11694336 0.122680664 0
v  -1.24572754 0.124145508 0
v  -1.26953125 0.37109375 0
v  -1.30566406 0.249023438 0
v  -1.328125 -0.125 0
v  -1.328125 0.125 0
v  -1.3359375 0 0
s off
f 1 2 3 4
f 2 5 6 3
f 3 6 8 11
f 4 3 11 12
f 5 13 7 6
f 13 14 15 7
f 7 15 17 19
f 6 7 19 8
f 8 19 9 20
f 19 17 21 9
f 9 21 22 25
f 20 9 25 26
f 12 11 10 28
f 11 8 20 10
f 10 20 26 29
f 28 10 29 30
f 14 31 16 15
f 31 32 33 16
f 16 33 35 37
f 15 16 37 17
f 32 38 34 33
f 38 39 40 34
f 34 40 42 44
f 33 34 44 35
f 35 44 36 45
f 44 42 46 36
f 36 46 47 50
f 45 36 50 51
f 17 37 18 21
f 37 35 45 18
f 18 45 51 52
f 21 18 52 22
f 22 52 23 53
f 52 51 54 23
f 23 54 55 58
f 53 23 58 59
f 51 50 49 54
f 50 47 61 49
f 49 61 62 64
f 54 49 64 55
f 55 64 56 65
f 64 62 66 56
f 56 66 67 70
f 65 56 70 71
f 59 58 57 73
f 58 55 65 57
f 57 65 71 74
f 73 57 74 75
f 30 29 27 77
f 29 26 78 27
f 27 78 79 81
f 77 27 81 82
f 26 25 24 78
f 25 22 53 24
f 24 53 59 83
f 78 24 83 79
f 79 83 60 84
f 83 59 73 60
f 60 73 75 85
f 84 60 85 86
f 82 81 80 88
f 81 79 84 80
f 80 84 86 89
f 88 80 89 90
f 39 91 41 40
f 91 92 93 41
f 41 93 95 97
f 40 41 97 42
f 92 98 94 93
f 98 99 100 94
f 94 100 102 104
f 93 94 104 95
f 95 104 96 105
f 104 102 106 96
f 96 106 107 110
f 105 96 110 111
f 42 97 43 46
f 97 95 105 43
f 43 105 111 112
f 46 43 112 47
f 99 113 101 100
f 113 114 115 101
f 101 115 117 119
f 100 101 119 102
f 114 120 116 115
f 120 121 122 116
f 116 122 123 124
f 115 116 124 117
f 117 124 118 125
f 124 123 126 118
f 118 126 127 128
f 125 118 128 130
f 102 119 103 106
f 119 117 125 103
f 103 125 130 131
f 106 103 131 107
f 107 131 108 132
f 131 130 133 108
f 108 133 134 137
f 132 108 137 138
f 130 128 129 133
f 128 127 140 129
f 129 140 141 142
f 133 129 142 134
f 134 142 135 143
f 142 141 144 135
f 135 144 145 146
f 143 135 146 148
f 138 137 136 150
f 137 134 143 136
f 136 143 148 151
f 150 136 151 152
f 47 112 48 61
f 112 111 154 48
f 48 154 155 156
f 61 48 156 62
f 111 110 109 154
f 110 107 132 109
f 109 132 138 157
f 154 109 157 155
f 155 157 139 158
f 157 138 150 139
f 139 150 152 159
f 158 139 159 160
f 62 156 63 66
f 156 155 158 63
f 63 158 160 161
f 66 63 161 67
f 67 161 68 162
f 161 160 163 68
f 68 163 164 167
f 162 68 167 168
f 160 159 153 163
f 159 152 170 153
f 153 170 171 173
f 163 153 173 164
f 164 173 165 174
f 173 171 175 165
f 165 175 176 179
f 174 165 179 180
f 168 167 166 182
f 167 164 174 166
f 166 174 180 183
f 182 166 183 184
f 152 151 149 170
f 151 148 186 149
f 149 186 187 189
f 170 149 189 171
f 148 146 147 186
f 146 145 190 147
f 147 190 191 192
f 186 147 192 187
f 187 192 188 193
f 192 191 194 188
f 188 194 195 196
f 193 188 196 198
f 171 189 172 175
f 189 187 193 172
f 172 193 198 199
f 175 172 199 176
f 176 199 177 200
f 199 198 201 177
f 177 201 202 205
f 200 177 205 206
f 198 196 197 201
f 196 195 208 197
f 197 208 209 210
f 201 197 210 202
f 202 210 203 211
f 210 209 212 203
f 203 212 213 214
f 211 203 214 215
f 206 205 204 216
f 205 202 211 204
f 204 211 215 217
f 216 204 217 218
f 184 183 181 219
f 183 180 220 181
f 181 220 221 223
f 219 181 223 224
f 180 179 178 220
f 179 176 200 178
f 178 200 206 226
f 220 178 226 221
f 221 226 207 227
f 226 206 216 207
f 207 216 218 228
f 227 207 228 229
f 224 223 222 230
f 223 221 227 222
f 222 227 229 231
f 230 222 231 232
f 90 89 87 233
f 89 86 234 87
f 87 234 235 238
f 233 87 238 239
f 86 85 76 234
f 85 75 240 76
f 76 240 241 243
f 234 76 243 235
f 235 243 236 244
f 243 241 245 236
f 236 245 246 249
f 244 236 249 250
f 239 238 237 252
f 238 235 244 237
f 237 244 250 253
f 252 237 253 254
f 75 74 72 240
f 74 71 255 72
f 72 255 256 257
f 240 72 257 241
f 71 70 69 255
f 70 67 162 69
f 69 162 168 258
f 255 69 258 256
f 256 258 169 259
f 258 168 182 169
f 169 182 184 260
f 259 169 260 261
f 241 257 242 245
f 257 256 259 242
f 242 259 261 262
f 245 242 262 246
f 246 262 247 263
f 262 261 264 247
f 247 264 265 267
f 263 247 267 268
f 261 260 185 264
f 260 184 219 185
f 185 219 224 270
f 264 185 270 265
f 265 270 225 271
f 270 224 230 225
f 225 230 232 272
f 271 225 272 273
f 268 267 266 274
f 267 265 271 266
f 266 271 273 275
f 274 266 275 276
f 254 253 251 277
f 253 250 278 251
f 251 278 279 281
f 277 251 281 282
f 250 249 248 278
f 249 246 263 248
f 248 263 268 283
f 278 248 283 279
f 279 283 269 284
f 283 268 274 269
f 269 274 276 285
f 284 269 285 286
f 282 281 280 287
f 281 279 284 280
f 280 284 286 288
f 287 280 288 289

