# This file uses centimeters as units for non-parametric coordinates.
v  -0.895833313 -0.895833313 0
v  -0.791666567 -0.958333313 0
v  -0.812499881 -0.812499881 0
v  -0.958333313 -0.791666567 0
v  -0.656249821 -0.989583313 0
v  -0.661458194 -0.82812494 0
v  -0.499999821 -0.833333254 0
v  -0.665364444 -0.665364444 0
v  -0.499999821 -0.499999821 0
v  -0.833333254 -0.499999821 0
v  -0.82812494 -0.661458194 0
v  -0.989583313 -0.656249821 0
v  -0.499999821 -1 0
v  -0.333333135 -1 0
v  -0.333333135 -0.833333254 0
v  -0.166666567 -0.833333254 0
v  -0.333333164 -0.666666508 0.015625
v  -0.166666567 -0.499999821 0.25
v  -0.499999821 -0.666666508 0
v  -0.666666508 -0.499999821 0
v  -0.333333135 -0.499999821 0.0625
v  -0.333333164 -0.333333164 0.109375
v  -0.166666567 -0.166666567 0.5
v  -0.499999821 -0.166666567 0
v  -0.499999821 -0.333333135 0
v  -0.666666508 -0.333333164 0
v  -0.833333254 -0.166666567 0
v  -1 -0.499999821 0
v  -0.833333254 -0.333333135 0
v  -1 -0.333333135 0
v  -0.166666552 -1 0
v  0 -1 0
v  0 -0.833333254 0
v  0.166666567 -0.833333254 0
v  0 -0.666666508 0.109375
v  0.166666567 -0.499999821 0.5
v  -0.166666567 -0.666666508 0.0625
v  0.166666552 -1 0
v  0.333333135 -1 0
v  0.333333164 -0.833333254 0
v  0.499999821 -0.833333254 0
v  0.333333164 -0.666666508 0.109375
v  0.499999821 -0.499999821 0.25
v  0.166666567 -0.666666508 0.125
v  0 -0.499999821 0.4375
v  0.333333164 -0.499999821 0.4375
v  0.333333105 -0.333333105 1
v  0.166666567 -0.333333135 0.875
v  0.166666567 -0.166666567 1
v  0 -0.333333135 1
v  -0.166666567 -0.333333135 0.4375
v  0.499999821 -1 0
v  0.656249821 -0.989583313 0
v  0.661458135 -0.828124881 0
v  0.812499881 -0.812499881 0
v  0.665364444 -0.665364444 0.015625
v  0.833333254 -0.499999821 0
v  0.499999821 -0.666666508 0.0625
v  0.791666567 -0.958333313 0
v  0.895833313 -0.895833313 0
v  0.958333313 -0.791666567 0
v  0.989583313 -0.656249821 0
v  0.82812494 -0.661458194 0
v  0.666666508 -0.499999821 0.0625
v  1 -0.499999821 0
v  1 -0.333333135 0
v  0.833333254 -0.333333135 0
v  0.833333254 -0.166666567 0
v  0.666666508 -0.333333164 0.109375
v  0.499999821 -0.166666567 0.5
v  0.499999821 -0.333333135 0.4375
v  -1 -0.166666552 0
v  -0.666666508 -0.166666567 0
v  -0.666666508 0 0
v  -0.499999821 0.166666567 0
v  -0.833333254 0.166666567 0
v  -0.833333254 0 0
v  -1 0 0
v  -0.333333135 -0.166666567 0.125
v  -0.333333164 0 0.109375
v  -0.166666567 0.166666567 0.25
v  -0.499999821 0 0
v  -0.666666508 0.166666567 0
v  -0.333333135 0.166666567 0.0625
v  -0.333333164 0.333333164 0.015625
v  -0.166666567 0.499999821 0
v  -0.499999821 0.499999821 0
v  -0.499999821 0.333333164 0
v  -0.666666508 0.333333164 0
v  -0.833333254 0.499999821 0
v  -1 0.166666552 0
v  -0.833333254 0.333333164 0
v  -1 0.333333135 0
v  0 -0.166666567 0.875
v  0 0 1
v  -0.166666567 0 0.4375
v  0.333333164 -0.166666567 0.875
v  0.333333135 0 1
v  0.166666567 0 0.875
v  0.166666567 0.166666567 0.5
v  0 0.166666567 0.4375
v  0.333333164 0.166666567 0.4375
v  0.499999821 0.166666567 0.25
v  0.333333164 0.333333164 0.109375
v  0.499999821 0.499999821 0
v  0.166666567 0.499999821 0
v  0.166666567 0.333333164 0.125
v  0 0.333333164 0.109375
v  -0.166666567 0.333333164 0.0625
v  0.666666508 -0.166666567 0.125
v  0.666666508 0 0.109375
v  0.833333254 0.166666567 0
v  0.499999821 0 0.4375
v  1 -0.166666552 0
v  1 0 0
v  0.833333254 0 0
v  0.666666508 0.166666567 0.0625
v  1 0.166666552 0
v  1 0.333333135 0
v  0.833333254 0.333333164 0
v  0.833333254 0.499999821 0
v  0.666666508 0.333333164 0.015625
v  0.499999821 0.333333164 0.0625
v  -1 0.499999821 0
v  -0.666666508 0.499999821 0
v  -0.665364444 0.665364444 0
v  -0.499999821 0.833333254 0
v  -0.812499881 0.812499881 0
v  -0.828124881 0.661458135 0
v  -0.989583313 0.656249821 0
v  -0.333333135 0.499999821 0
v  -0.333333164 0.666666508 0
v  -0.166666567 0.833333254 0
v  -0.499999821 0.666666508 0
v  -0.661458135 0.828124881 0
v  -0.333333135 0.833333254 0
v  -0.333333135 1 0
v  -0.499999821 1 0
v  -0.656249821 0.989583313 0
v  -0.958333313 0.791666567 0
v  -0.791666567 0.958333313 0
v  -0.895833313 0.895833313 0
v  0 0.499999821 0
v  0 0.666666508 0
v  0.166666567 0.833333254 0
v  -0.166666567 0.666666508 0
v  0.333333164 0.499999821 0
v  0.333333164 0.666666508 0
v  0.499999821 0.833333254 0
v  0.166666567 0.666666508 0
v  0 0.833333254 0
v  0.333333164 0.833333254 0
v  0.333333135 1 0
v  0.166666552 1 0
v  0 1 0
v  -0.166666552 1 0
v  0.666666508 0.499999821 0
v  0.665364444 0.665364444 0
v  0.812499881 0.812499881 0
v  0.499999821 0.666666508 0
v  1 0.499999821 0
v  0.989583313 0.656249821 0
v  0.828124881 0.661458135 0
v  0.661458194 0.82812494 0
v  0.958333313 0.791666567 0
v  0.895833313 0.895833313 0
v  0.791666567 0.958333313 0
v  0.656249821 0.989583313 0
v  0.499999821 1 0
s off
f 1 2 3 4
f 2 5 6 3
f 3 6 8 11
f 4 3 11 12
f 5 13 7 6
f 13 14 15 7
f 7 15 17 19
f 6 7 19 8
f 8 19 9 20
f 19 17 21 9
f 9 21 22 25
f 20 9 25 26
f 12 11 10 28
f 11 8 20 10
f 10 20 26 29
f 28 10 29 30
f 14 31 16 15
f 31 32 33 16
f 16 33 35 37
f 15 16 37 17
f 32 38 34 33
f 38 39 40 34
f 34 40 42 44
f 33 34 44 35
f 35 44 36 45
f 44 42 46 36
f 36 46 47 48
f 45 36 48 50
f 17 37 18 21
f 37 35 45 18
f 18 45 50 51
f 21 18 51 22
f 39 52 41 40
f 52 53 54 41
f 41 54 56 58
f 40 41 58 42
f 53 59 55 54
f 59 60 61 55
f 55 61 62 63
f 54 55 63 56
f 56 63 57 64
f 63 62 65 57
f 57 65 66 67
f 64 57 67 69
f 42 58 43 46
f 58 56 64 43
f 43 64 69 71
f 46 43 71 47
f 30 29 27 72
f 29 26 73 27
f 27 73 74 77
f 72 27 77 78
f 26 25 24 73
f 25 22 79 24
f 24 79 80 82
f 73 24 82 74
f 74 82 75 83
f 82 80 84 75
f 75 84 85 88
f 83 75 88 89
f 78 77 76 91
f 77 74 83 76
f 76 83 89 92
f 91 76 92 93
f 22 51 23 79
f 51 50 94 23
f 23 94 95 96
f 79 23 96 80
f 50 48 49 94
f 48 47 97 49
f 49 97 98 99
f 94 49 99 95
f 95 99 100 101
f 99 98 102 100
f 100 102 104 107
f 101 100 107 108
f 80 96 81 84
f 96 95 101 81
f 81 101 108 109
f 84 81 109 85
f 47 71 70 97
f 71 69 110 70
f 70 110 111 113
f 97 70 113 98
f 69 67 68 110
f 67 66 114 68
f 68 114 115 116
f 110 68 116 111
f 111 116 112 117
f 116 115 118 112
f 112 118 119 120
f 117 112 120 122
f 98 113 103 102
f 113 111 117 103
f 103 117 122 123
f 102 103 123 104
f 93 92 90 124
f 92 89 125 90
f 90 125 126 129
f 124 90 129 130
f 89 88 87 125
f 88 85 131 87
f 87 131 132 134
f 125 87 134 126
f 126 134 127 135
f 134 132 136 127
f 127 136 137 138
f 135 127 138 139
f 130 129 128 140
f 129 126 135 128
f 128 135 139 141
f 140 128 141 142
f 85 109 86 131
f 109 108 143 86
f 86 143 144 146
f 131 86 146 132
f 108 107 106 143
f 107 104 147 106
f 106 147 148 150
f 143 106 150 144
f 144 150 145 151
f 150 148 152 145
f 145 152 153 154
f 151 145 154 155
f 132 146 133 136
f 146 144 151 133
f 133 151 155 156
f 136 133 156 137
f 104 123 105 147
f 123 122 157 105
f 105 157 158 160
f 147 105 160 148
f 122 120 121 157
f 120 119 161 121
f 121 161 162 163
f 157 121 163 158
f 158 163 159 164
f 163 162 165 159
f 159 165 166 167
f 164 159 167 168
f 148 160 149 152
f 160 158 164 149
f 149 164 168 169
f 152 149 169 153

