# This file uses centimeters as units for non-parametric coordinates.
v  -0.458984375 -0.083984375 0
v  -0.44140625 -0.09765625 0
v  -0.44921875 -0.07421875 0
v  -0.47265625 -0.06640625 0
v  -0.420410156 -0.107910156 0
v  -0.424926758 -0.0811767578 0
v  -0.398925781 -0.0864257812 0
v  -0.428817749 -0.0543212891 0
v  -0.402587891 -0.0288085938 0
v  -0.459960938 -0.025390625 0
v  -0.455810547 -0.0502929688 0
v  -0.482421875 -0.0458984375 0
v  -0.396484375 -0.115234375 0
v  -0.370117188 -0.120117188 0
v  -0.371337891 -0.0900878906 0
v  -0.342285156 -0.0922851562 0
v  -0.372406006 -0.0600585938 0
v  -0.343017578 -0.0307617188 0
v  -0.401062012 -0.0576171875 0
v  -0.43145752 -0.0272216797 0
v  -0.373168945 -0.0300292969 0
v  -0.373474121 0 0
v  -0.343017578 0.0307617188 0
v  -0.402587891 0.0288085938 0
v  -0.403198242 0 0
v  -0.4324646 0 0
v  -0.459960938 0.025390625 0
v  -0.48828125 -0.0234375 0
v  -0.461425781 0 0
v  -0.490234375 0 0
v  -0.341796875 -0.123046875 0
v  -0.312011719 -0.124511719 0
v  -0.312133789 -0.0933837891 0
v  -0.28125 -0.09375 0
v  -0.312240601 -0.0622558594 0
v  -0.28125 -0.03125 0
v  -0.342712402 -0.0615234375 0
v  -0.28125 -0.125 0
v  -0.25 -0.125 0
v  -0.25 -0.09375 0
v  -0.21875 -0.09375 0
v  -0.25 -0.0625 0
v  -0.21875 -0.03125 0
v  -0.28125 -0.0625 0
v  -0.312316895 -0.0311279297 0
v  -0.25 -0.03125 0
v  -0.25 0 0
v  -0.21875 0.03125 0
v  -0.28125 0.03125 0
v  -0.28125 0 0
v  -0.312347412 0 0
v  -0.343139648 0 0
v  -0.373168945 0.0300292969 0
v  -0.312316895 0.0311279297 0
v  -0.312240601 0.0622558594 0
v  -0.28125 0.09375 0
v  -0.342285156 0.0922851562 0
v  -0.342712402 0.0615234375 0
v  -0.372406006 0.0600585938 0
v  -0.398925781 0.0864257812 0
v  -0.25 0.03125 0
v  -0.25 0.0625 0
v  -0.21875 0.09375 0
v  -0.28125 0.0625 0
v  -0.312133789 0.0933837891 0
v  -0.25 0.09375 0
v  -0.25 0.125 0
v  -0.28125 0.125 0
v  -0.312011719 0.124511719 0
v  -0.371337891 0.0900878906 0
v  -0.341796875 0.123046875 0
v  -0.370117188 0.120117188 0
v  -0.48828125 0.0234375 0
v  -0.43145752 0.0272216797 0
v  -0.428817749 0.0543212891 0
v  -0.44921875 0.07421875 0
v  -0.455810547 0.0502929688 0
v  -0.482421875 0.0458984375 0
v  -0.401062012 0.0576171875 0
v  -0.424926758 0.0811767578 0
v  -0.396484375 0.115234375 0
v  -0.420410156 0.107910156 0
v  -0.47265625 0.06640625 0
v  -0.44140625 0.09765625 0
v  -0.458984375 0.083984375 0
v  -0.21875 -0.125 0
v  -0.1875 -0.125 0
v  -0.1875 -0.09375 0
v  -0.15625 -0.09375 0
v  -0.1875 -0.0625 0
v  -0.15625 -0.03125 0
v  -0.21875 -0.0625 0
v  -0.15625 -0.125 0
v  -0.125 -0.125 0
v  -0.125 -0.09375 0
v  -0.09375 -0.09375 0
v  -0.125 -0.0625 0
v  -0.09375 -0.03125 0
v  -0.15625 -0.0625 0
v  -0.1875 -0.03125 0
v  -0.125 -0.03125 0
v  -0.125 0 0
v  -0.09375 0.03125 0
v  -0.15625 0.03125 0
v  -0.15625 0 0
v  -0.1875 0 0
v  -0.21875 0 0
v  -0.09375 -0.125 0
v  -0.0625 -0.125 0
v  -0.0625 -0.09375 0
v  -0.03125 -0.09375 0
v  -0.0625 -0.0625 0
v  -0.03125 -0.03125 0
v  -0.09375 -0.0625 0
v  -0.03125 -0.125 0
v  0 -0.125 0
v  0 -0.09375 0
v  0.03125 -0.09375 0
v  0 -0.0625 0
v  0.03125 -0.03125 0
v  -0.03125 -0.0625 0
v  -0.0625 -0.03125 0
v  0 -0.03125 0
v  0 0 0
v  0.03125 0.03125 0
v  -0.03125 0.03125 0
v  -0.03125 0 0
v  -0.0625 0 0
v  -0.09375 0 0
v  -0.125 0.03125 0
v  -0.0625 0.03125 0
v  -0.0625 0.0625 0
v  -0.03125 0.09375 0
v  -0.09375 0.09375 0
v  -0.09375 0.0625 0
v  -0.125 0.0625 0
v  -0.15625 0.09375 0
v  0 0.03125 0
v  0 0.0625 0
v  0.03125 0.09375 0
v  -0.03125 0.0625 0
v  -0.0625 0.09375 0
v  0 0.09375 0
v  0 0.125 0
v  -0.03125 0.125 0
v  -0.0625 0.125 0
v  -0.125 0.09375 0
v  -0.09375 0.125 0
v  -0.125 0.125 0
v  -0.1875 0.03125 0
v  -0.1875 0.0625 0
v  -0.21875 0.0625 0
v  -0.15625 0.0625 0
v  -0.1875 0.09375 0
v  -0.15625 0.125 0
v  -0.1875 0.125 0
v  -0.21875 0.125 0
v  0.03125 -0.125 0
v  0.0625 -0.125 0
v  0.0625 -0.09375 0
v  0.09375 -0.09375 0
v  0.0625 -0.0625 0
v  0.09375 -0.03125 0
v  0.03125 -0.0625 0
v  0.09375 -0.125 0
v  0.125 -0.125 0
v  0.125 -0.09375 0
v  0.15625 -0.09375 0
v  0.125 -0.0625 0
v  0.15625 -0.03125 0
v  0.09375 -0.0625 0
v  0.0625 -0.03125 0
v  0.125 -0.03125 0
v  0.125 0 0
v  0.15625 0.03125 0
v  0.09375 0.03125 0
v  0.09375 0 0
v  0.0625 0 0
v  0.03125 0 0
v  0.15625 -0.125 0
v  0.1875 -0.125 0
v  0.1875 -0.09375 0
v  0.21875 -0.09375 0
v  0.1875 -0.0625 0
v  0.21875 -0.03125 0
v  0.15625 -0.0625 0
v  0.21875 -0.125 0
v  0.25 -0.125 0
v  0.25 -0.09375 0
v  0.28125 -0.09375 0
v  0.25 -0.0625 0
v  0.28125 -0.03125 0
v  0.21875 -0.0625 0
v  0.1875 -0.03125 0
v  0.25 -0.03125 0
v  0.25 0 0
v  0.28125 0.03125 0
v  0.21875 0.03125 0
v  0.21875 0 0
v  0.1875 0 0
v  0.15625 0 0
v  0.125 0.03125 0
v  0.1875 0.03125 0
v  0.1875 0.0625 0
v  0.21875 0.09375 0
v  0.15625 0.09375 0
v  0.15625 0.0625 0
v  0.125 0.0625 0
v  0.09375 0.09375 0
v  0.25 0.03125 0
v  0.25 0.0625 0
v  0.28125 0.09375 0
v  0.21875 0.0625 0
v  0.1875 0.09375 0
v  0.25 0.09375 0
v  0.25 0.125 0
v  0.21875 0.125 0
v  0.1875 0.125 0
v  0.125 0.09375 0
v  0.15625 0.125 0
v  0.125 0.125 0
v  0.0625 0.03125 0
v  0.0625 0.0625 0
v  0.03125 0.0625 0
v  0.09375 0.0625 0
v  0.0625 0.09375 0
v  0.09375 0.125 0
v  0.0625 0.125 0
v  0.03125 0.125 0
v  0.28125 -0.125 0
v  0.312011719 -0.124511719 0
v  0.312133789 -0.0933837891 0
v  0.342285156 -0.0922851562 0
v  0.312240601 -0.0622558594 0
v  0.343017578 -0.0307617188 0
v  0.28125 -0.0625 0
v  0.341796875 -0.123046875 0
v  0.370117188 -0.120117188 0
v  0.371337891 -0.0900878906 0
v  0.398925781 -0.0864257812 0
v  0.372406006 -0.0600585938 0
v  0.402587891 -0.0288085938 0
v  0.342712402 -0.0615234375 0
v  0.312316895 -0.0311279297 0
v  0.373168945 -0.0300292969 0
v  0.373474121 0 0
v  0.402587891 0.0288085938 0
v  0.343017578 0.0307617188 0
v  0.343139648 0 0
v  0.312347412 0 0
v  0.28125 0 0
v  0.396484375 -0.115234375 0
v  0.420410156 -0.107910156 0
v  0.424926758 -0.0811767578 0
v  0.44921875 -0.07421875 0
v  0.428817749 -0.0543212891 0
v  0.459960938 -0.025390625 0
v  0.401062012 -0.0576171875 0
v  0.44140625 -0.09765625 0
v  0.458984375 -0.083984375 0
v  0.47265625 -0.06640625 0
v  0.482421875 -0.0458984375 0
v  0.455810547 -0.0502929688 0
v  0.43145752 -0.0272216797 0
v  0.48828125 -0.0234375 0
v  0.490234375 0 0
v  0.461425781 0 0
v  0.459960938 0.025390625 0
v  0.4324646 0 0
v  0.403198242 0 0
v  0.373168945 0.0300292969 0
v  0.43145752 0.0272216797 0
v  0.428817749 0.0543212891 0
v  0.44921875 0.07421875 0
v  0.398925781 0.0864257812 0
v  0.401062012 0.0576171875 0
v  0.372406006 0.0600585938 0
v  0.342285156 0.0922851562 0
v  0.48828125 0.0234375 0
v  0.482421875 0.0458984375 0
v  0.455810547 0.0502929688 0
v  0.424926758 0.0811767578 0
v  0.47265625 0.06640625 0
v  0.458984375 0.083984375 0
v  0.44140625 0.09765625 0
v  0.420410156 0.107910156 0
v  0.371337891 0.0900878906 0
v  0.396484375 0.115234375 0
v  0.370117188 0.120117188 0
v  0.312316895 0.0311279297 0
v  0.312240601 0.0622558594 0
v  0.28125 0.0625 0
v  0.342712402 0.0615234375 0
v  0.312133789 0.0933837891 0
v  0.341796875 0.123046875 0
v  0.312011719 0.124511719 0
v  0.28125 0.125 0
s off
f 1 2 3 4
f 2 5 6 3
f 3 6 8 11
f 4 3 11 12
f 5 13 7 6
f 13 14 15 7
f 7 15 17 19
f 6 7 19 8
f 8 19 9 20
f 19 17 21 9
f 9 21 22 25
f 20 9 25 26
f 12 11 10 28
f 11 8 20 10
f 10 20 26 29
f 28 10 29 30
f 14 31 16 15
f 31 32 33 16
f 16 33 35 37
f 15 16 37 17
f 32 38 34 33
f 38 39 40 34
f 34 40 42 44
f 33 34 44 35
f 35 44 36 45
f 44 42 46 36
f 36 46 47 50
f 45 36 50 51
f 17 37 18 21
f 37 35 45 18
f 18 45 51 52
f 21 18 52 22
f 22 52 23 53
f 52 51 54 23
f 23 54 55 58
f 53 23 58 59
f 51 50 49 54
f 50 47 61 49
f 49 61 62 64
f 54 49 64 55
f 55 64 56 65
f 64 62 66 56
f 56 66 67 68
f 65 56 68 69
f 59 58 57 70
f 58 55 65 57
f 57 65 69 71
f 70 57 71 72
f 30 29 27 73
f 29 26 74 27
f 27 74 75 77
f 73 27 77 78
f 26 25 24 74
f 25 22 53 24
f 24 53 59 79
f 74 24 79 75
f 75 79 60 80
f 79 59 70 60
f 60 70 72 81
f 80 60 81 82
f 78 77 76 83
f 77 75 80 76
f 76 80 82 84
f 83 76 84 85
f 39 86 41 40
f 86 87 88 41
f 41 88 90 92
f 40 41 92 42
f 87 93 89 88
f 93 94 95 89
f 89 95 97 99
f 88 89 99 90
f 90 99 91 100
f 99 97 101 91
f 91 101 102 105
f 100 91 105 106
f 42 92 43 46
f 92 90 100 43
f 43 100 106 107
f 46 43 107 47
f 94 108 96 95
f 108 109 110 96
f 96 110 112 114
f 95 96 114 97
f 109 115 111 110
f 115 116 117 111
f 111 117 119 121
f 110 111 121 112
f 112 121 113 122
f 121 119 123 113
f 113 123 124 127
f 122 113 127 128
f 97 114 98 101
f 114 112 122 98
f 98 122 128 129
f 101 98 129 102
f 102 129 103 130
f 129 128 131 103
f 103 131 132 135
f 130 103 135 136
f 128 127 126 131
f 127 124 138 126
f 126 138 139 141
f 131 126 141 132
f 132 141 133 142
f 141 139 143 133
f 133 143 144 145
f 142 133 145 146
f 136 135 134 147
f 135 132 142 134
f 134 142 146 148
f 147 134 148 149
f 47 107 48 61
f 107 106 150 48
f 48 150 151 152
f 61 48 152 62
f 106 105 104 150
f 105 102 130 104
f 104 130 136 153
f 150 104 153 151
f 151 153 137 154
f 153 136 147 137
f 137 147 149 155
f 154 137 155 156
f 62 152 63 66
f 152 151 154 63
f 63 154 156 157
f 66 63 157 67
f 116 158 118 117
f 158 159 160 118
f 118 160 162 164
f 117 118 164 119
f 159 165 161 160
f 165 166 167 161
f 161 167 169 171
f 160 161 171 162
f 162 171 163 172
f 171 169 173 163
f 163 173 174 177
f 172 163 177 178
f 119 164 120 123
f 164 162 172 120
f 120 172 178 179
f 123 120 179 124
f 166 180 168 167
f 180 181 182 168
f 168 182 184 186
f 167 168 186 169
f 181 187 183 182
f 187 188 189 183
f 183 189 191 193
f 182 183 193 184
f 184 193 185 194
f 193 191 195 185
f 185 195 196 199
f 194 185 199 200
f 169 186 170 173
f 186 184 194 170
f 170 194 200 201
f 173 170 201 174
f 174 201 175 202
f 201 200 203 175
f 175 203 204 207
f 202 175 207 208
f 200 199 198 203
f 199 196 210 198
f 198 210 211 213
f 203 198 213 204
f 204 213 205 214
f 213 211 215 205
f 205 215 216 217
f 214 205 217 218
f 208 207 206 219
f 207 204 214 206
f 206 214 218 220
f 219 206 220 221
f 124 179 125 138
f 179 178 222 125
f 125 222 223 224
f 138 125 224 139
f 178 177 176 222
f 177 174 202 176
f 176 202 208 225
f 222 176 225 223
f 223 225 209 226
f 225 208 219 209
f 209 219 221 227
f 226 209 227 228
f 139 224 140 143
f 224 223 226 140
f 140 226 228 229
f 143 140 229 144
f 188 230 190 189
f 230 231 232 190
f 190 232 234 236
f 189 190 236 191
f 231 237 233 232
f 237 238 239 233
f 233 239 241 243
f 232 233 243 234
f 234 243 235 244
f 243 241 245 235
f 235 245 246 249
f 244 235 249 250
f 191 236 192 195
f 236 234 244 192
f 192 244 250 251
f 195 192 251 196
f 238 252 240 239
f 252 253 254 240
f 240 254 256 258
f 239 240 258 241
f 253 259 255 254
f 259 260 261 255
f 255 261 262 263
f 254 255 263 256
f 256 263 257 264
f 263 262 265 257
f 257 265 266 267
f 264 257 267 269
f 241 258 242 245
f 258 256 264 242
f 242 264 269 270
f 245 242 270 246
f 246 270 247 271
f 270 269 272 247
f 247 272 273 276
f 271 247 276 277
f 269 267 268 272
f 267 266 279 268
f 268 279 280 281
f 272 268 281 273
f 273 281 274 282
f 281 280 283 274
f 274 283 284 285
f 282 274 285 286
f 277 276 275 287
f 276 273 282 275
f 275 282 286 288
f 287 275 288 289
f 196 251 197 210
f 251 250 290 197
f 197 290 291 292
f 210 197 292 211
f 250 249 248 290
f 249 246 271 248
f 248 271 277 293
f 290 248 293 291
f 291 293 278 294
f 293 277 287 278
f 278 287 289 295
f 294 278 295 296
f 211 292 212 215
f 292 291 294 212
f 212 294 296 297
f 215 212 297 216

