# This file uses centimeters as units for non-parametric coordinates.
v  -1.20837498 0 0.291624993
v  -1.08350003 0 0.25
v  -1.08350003 0 0.416499972
v  -1.25 0 0.416500002
v  -0.916875005 0 0.25
v  -0.916875005 0 0.416500002
v  -0.75 0 0.416499972
v  -0.916875005 0 0.583124995
v  -0.75 0 0.75
v  -1.08350003 0 0.75
v  -1.08350003 0 0.583124995
v  -1.25 0 0.583124995
v  -0.75 0 0.25
v  -0.583124995 0 0.25
v  -0.583124995 0 0.416500002
v  -0.416499972 0 0.416499972
v  -0.583124995 0 0.583124995
v  -0.416499972 0 0.75
v  -0.75 0 0.583124995
v  -0.416500002 0 0.25
v  -0.291624993 0 0.291624993
v  -0.25 0 0.416500002
v  -0.25 0 0.583124995
v  -0.416500002 0 0.583124995
v  -1.25 0 0.75
v  -0.916875005 0 0.75
v  -0.916875005 0 0.916875005
v  -0.75 0 1.08350003
v  -1.08350003 0 1.08350003
v  -1.08350003 0 0.916875005
v  -1.25 0 0.916875005
v  -0.583124995 0 0.75
v  -0.583124995 0 0.916875005
v  -0.416499972 0 1.08350003
v  -0.75 0 0.916875005
v  -0.25 0 0.75
v  -0.25 0 0.916875005
v  -0.416500002 0 0.916875005
v  -1.25 0 1.08350003
v  -0.916875005 0 1.08350003
v  -0.916875005 0 1.25
v  -1.08350003 0 1.25
v  -1.20837498 0 1.20837498
v  -0.583124995 0 1.08350003
v  -0.583124995 0 1.25
v  -0.75 0 1.25
v  -0.25 0 1.08350003
v  -0.291624993 0 1.20837498
v  -0.416500002 0 1.25
v  0.25 0 0.25
v  0.416500002 -0.125 0.25
v  0.416500002 -0.125 0.416499972
v  0.25 0 0.416500002
v  0.583124995 -0.21875 0.25
v  0.583124995 -0.21875 0.416500002
v  0.75 -0.25 0.416499972
v  0.583124995 -0.21875 0.583124995
v  0.75 -0.25 0.75
v  0.416500002 -0.125 0.75
v  0.416500002 -0.125 0.583124995
v  0.25 0 0.583124995
v  0.75 -0.25 0.25
v  0.916875005 -0.21875 0.25
v  0.916875005 -0.21875 0.416500002
v  1.08350003 -0.125 0.416499972
v  0.916875005 -0.21875 0.583124995
v  1.08350003 -0.125 0.75
v  0.75 -0.25 0.583124995
v  1.08350003 -0.125 0.25
v  1.25 0 0.25
v  1.25 0 0.416500002
v  1.25 0 0.583124995
v  1.08350003 -0.125 0.583124995
v  0.25 0 0.75
v  0.583124995 -0.21875 0.75
v  0.583124995 -0.21875 0.916875005
v  0.75 -0.25 1.08350003
v  0.416500002 -0.125 1.08350003
v  0.416500002 -0.125 0.916875005
v  0.25 0 0.916875005
v  0.916875005 -0.21875 0.75
v  0.916875005 -0.21875 0.916875005
v  1.08350003 -0.125 1.08350003
v  0.75 -0.25 0.916875005
v  1.25 0 0.75
v  1.25 0 0.916875005
v  1.08350003 -0.125 0.916875005
v  0.25 0 1.08350003
v  0.583124995 -0.21875 1.08350003
v  0.583124995 -0.21875 1.25
v  0.416500002 -0.125 1.25
v  0.291624993 -0.03125 1.20837498
v  0.916875005 -0.21875 1.08350003
v  0.916875005 -0.21875 1.25
v  0.75 -0.25 1.25
v  1.25 0 1.08350003
v  1.20837498 -0.03125 1.20837498
v  1.08350003 -0.125 1.25
v  -1.125 0 -1.125
v  -0.75 0 -1.25
v  -0.75 0 -0.75
v  -1.25 0 -0.75
v  -0.375 0 -1.125
v  -0.25 0 -0.75
v  -0.375 0 -0.375
v  -0.75 0 -0.25
v  -1.125 0 -0.375
v  0.25 0 -1.25
v  0.75 0 -1.25
v  0.75 0 -0.75
v  0.25 0 -0.75
v  1.25 0 -1.25
v  1.25 0 -0.75
v  1.25 0 -0.25
v  0.75 0 -0.25
v  0.25 0 -0.25
s off
f 1 2 3 4
f 2 5 6 3
f 3 6 8 11
f 4 3 11 12
f 5 13 7 6
f 13 14 15 7
f 7 15 17 19
f 6 7 19 8
f 14 20 16 15
f 20 21 22 16
f 16 22 23 24
f 15 16 24 17
f 12 11 10 25
f 11 8 26 10
f 10 26 27 30
f 25 10 30 31
f 8 19 9 26
f 19 17 32 9
f 9 32 33 35
f 26 9 35 27
f 17 24 18 32
f 24 23 36 18
f 18 36 37 38
f 32 18 38 33
f 31 30 29 39
f 30 27 40 29
f 29 40 41 42
f 39 29 42 43
f 27 35 28 40
f 35 33 44 28
f 28 44 45 46
f 40 28 46 41
f 33 38 34 44
f 38 37 47 34
f 34 47 48 49
f 44 34 49 45
f 50 51 52 53
f 51 54 55 52
f 52 55 57 60
f 53 52 60 61
f 54 62 56 55
f 62 63 64 56
f 56 64 66 68
f 55 56 68 57
f 63 69 65 64
f 69 70 71 65
f 65 71 72 73
f 64 65 73 66
f 61 60 59 74
f 60 57 75 59
f 59 75 76 79
f 74 59 79 80
f 57 68 58 75
f 68 66 81 58
f 58 81 82 84
f 75 58 84 76
f 66 73 67 81
f 73 72 85 67
f 67 85 86 87
f 81 67 87 82
f 80 79 78 88
f 79 76 89 78
f 78 89 90 91
f 88 78 91 92
f 76 84 77 89
f 84 82 93 77
f 77 93 94 95
f 89 77 95 90
f 82 87 83 93
f 87 86 96 83
f 83 96 97 98
f 93 83 98 94
f 99 100 101 102
f 100 103 104 101
f 101 104 105 106
f 102 101 106 107
f 108 109 110 111
f 109 112 113 110
f 110 113 114 115
f 111 110 115 116

