# This file uses centimeters as units for non-parametric coordinates.
v  0 0 1.01041651
v  0.375 -0.375 0.875
v  0.375 0.375 0.875
v  -0.375 0.375 0.875
v  -0.375 -0.375 0.875
v  0 -0.395833343 0.9375
v  0.395833343 0 0.9375
v  0 -0.765625 0.729166687
v  -0.416666687 -1 0.375
v  0.416666687 -1 0.375
v  0.364583373 -0.71875 0.6875
v  0.625 -0.625 0.587963045
v  1 -0.416666687 0.375
v  0.71875 -0.364583373 0.6875
v  0.76562506 0 0.729166687
v  1 0.416666687 0.375
v  0 -1.375 0
v  0.5 -1.25 0
v  0 -1.08333337 0.395833343
v  0.9375 -0.9375 0
v  0.770833373 -0.770833373 0.354166687
v  1.375 0 0
v  1.08333337 0 0.395833343
v  1.25 -0.5 0
v  0 0.395833343 0.9375
v  0.71875 0.364583373 0.6875
v  0.625 0.625 0.587963045
v  0.416666687 1 0.375
v  0.364583373 0.71875 0.6875
v  0 0.76562506 0.729166687
v  -0.416666687 1 0.375
v  1.25 0.5 0
v  0.9375 0.9375 0
v  0.770833373 0.770833373 0.354166687
v  0 1.375 0
v  0 1.08333337 0.395833343
v  0.5 1.25 0
v  -0.395833343 0 0.9375
v  -0.364583373 0.71875 0.6875
v  -0.625 0.625 0.587963045
v  -1 0.416666687 0.375
v  -0.71875 0.364583373 0.6875
v  -0.76562506 0 0.729166687
v  -1 -0.416666687 0.375
v  -0.5 1.25 0
v  -0.9375 0.9375 0
v  -0.770833373 0.770833373 0.354166687
v  -1.375 0 0
v  -1.08333337 0 0.395833343
v  -1.25 0.5 0
v  -0.71875 -0.364583373 0.6875
v  -0.625 -0.625 0.587963045
v  -0.364583373 -0.71875 0.6875
v  -1.25 -0.5 0
v  -0.9375 -0.9375 0
v  -0.770833373 -0.770833373 0.354166687
v  -0.5 -1.25 0
v  -0.875 0 0
v  -0.46875 0.46875 0
v  0 0.875 0
v  0 0 0
v  0.875 0 0
v  0 -0.875 0
v  -0.46875 -0.46875 0
v  0.46875 0.46875 0
v  0.46875 -0.46875 0
s off
f 1 6 2 7
f 6 8 11 2
f 2 11 12 14
f 7 2 14 15
f 17 18 10 19
f 18 20 21 10
f 10 21 12 11
f 19 10 11 8
f 22 23 13 24
f 23 15 14 13
f 13 14 12 21
f 24 13 21 20
f 1 7 3 25
f 7 15 26 3
f 3 26 27 29
f 25 3 29 30
f 22 32 16 23
f 32 33 34 16
f 16 34 27 26
f 23 16 26 15
f 35 36 28 37
f 36 30 29 28
f 28 29 27 34
f 37 28 34 33
f 1 25 4 38
f 25 30 39 4
f 4 39 40 42
f 38 4 42 43
f 35 45 31 36
f 45 46 47 31
f 31 47 40 39
f 36 31 39 30
f 48 49 41 50
f 49 43 42 41
f 41 42 40 47
f 50 41 47 46
f 1 38 5 6
f 38 43 51 5
f 5 51 52 53
f 6 5 53 8
f 48 54 44 49
f 54 55 56 44
f 44 56 52 51
f 49 44 51 43
f 17 19 9 57
f 19 8 53 9
f 9 53 52 56
f 57 9 56 55
f 48 50 58 54
f 50 46 59 58
f 58 59 61 64
f 54 58 64 55
f 46 45 60 59
f 45 35 37 60
f 60 37 33 65
f 59 60 65 61
f 61 65 62 66
f 65 33 32 62
f 62 32 22 24
f 66 62 24 20
f 55 64 63 57
f 64 61 66 63
f 63 66 20 18
f 57 63 18 17

