# This file uses centimeters as units for non-parametric coordinates.
v  0 -1.52027917 0
v  0.141421497 -1.48492372 0
v  0 -1.37885761 0
v  -0.141421497 -1.48492372 0
v  0.282842994 -1.39653528 0.0125000002
v  0.141421482 -1.26395285 0.0125000002
v  0.282842934 -1.13137043 0.0500000007
v  0 -1.12916076 0.0123046879
v  0 -0.848527968 0.046875
v  -0.282842934 -1.13137031 0
v  -0.141421482 -1.26395273 0
v  -0.282842994 -1.39653528 0
v  0.424264431 -1.27279162 0.0500000007
v  0.565685868 -1.13137031 0.125
v  0.424264371 -0.989949107 0.125
v  0.565685749 -0.848527908 0.25
v  0.282842904 -0.848527908 0.123046875
v  0.282842904 -0.565685451 0.234375
v  0.141421467 -0.989949226 0.0492187515
v  -0.141421467 -0.989949167 0.01171875
v  0.141421467 -0.707106769 0.1171875
v  0 -0.565685451 0.10546875
v  0 -0.282842815 0.171875015
v  -0.282842904 -0.565685511 0.0343750007
v  -0.141421467 -0.707106769 0.0421875007
v  -0.282842904 -0.848527968 0.0105468752
v  -0.565685749 -0.848527908 0
v  -0.424264431 -1.27279162 0
v  -0.424264371 -0.989949107 0
v  -0.565685809 -1.13137031 0
v  0.707107186 -0.989949107 0.25
v  0.848528504 -0.848527968 0.387499988
v  0.707107067 -0.707106709 0.387499988
v  0.848528385 -0.565685511 0.5
v  0.565685689 -0.565685391 0.381445318
v  0.565685689 -0.282842815 0.46875
v  0.424264312 -0.707106709 0.24609375
v  0.989949763 -0.707106829 0.5
v  1.13137102 -0.565685689 0.550000012
v  0.989949703 -0.424264252 0.550000012
v  1.13137102 -0.282842904 0.5
v  0.848528266 -0.282842845 0.541406274
v  0.848528266 1.86264515e-08 0.46875
v  0.707107067 -0.424264193 0.4921875
v  0.424264312 -0.424264193 0.36328125
v  0.707107067 -0.141421422 0.515625
v  0.56568563 2.32830644e-08 0.464062482
v  0.565685511 0.282842904 0.34375
v  0.282842875 1.49011612e-08 0.34375
v  0.424264312 -0.141421422 0.421875
v  0.282842904 -0.282842815 0.326953143
v  0.141421467 -0.424264193 0.2109375
v  1.27279234 -0.424264371 0.5
v  1.39653587 -0.282842964 0.387499988
v  1.26395321 -0.141421467 0.381249994
v  1.37885785 0 0.224999994
v  1.129161 6.75208867e-09 0.370703131
v  1.13137043 0.282842934 0.1875
v  0.989949584 -0.141421437 0.4921875
v  1.48492408 -0.141421497 0.25
v  1.52027941 0 0.125
v  1.48492384 0.141421497 0.0500000007
v  1.39653528 0.282842994 0.0125000002
v  1.26395297 0.141421482 0.203125
v  0.989949465 0.141421467 0.3515625
v  1.27279162 0.424264431 0
v  1.13137031 0.565685868 0
v  0.989949107 0.424264371 0.168750003
v  0.848527908 0.565685749 0.137500003
v  0.848528028 0.282842904 0.31640625
v  0.707106888 0.141421467 0.421875
v  -0.707107186 -0.989949107 0
v  -0.424264312 -0.707106709 0.00859375019
v  -0.565685749 -0.565685391 0.00625000009
v  -0.565685689 -0.282842815 0.015625
v  -0.848528385 -0.565685511 0
v  -0.707107067 -0.707106709 0
v  -0.848528504 -0.848527968 0
v  -0.141421467 -0.424264193 0.0859375
v  -0.282842904 -0.282842815 0.0625
v  -0.282842875 1.86264515e-08 0.078125
v  -0.424264312 -0.424264193 0.0250000004
v  -0.707107067 -0.424264193 0.00390625
v  -0.424264312 -0.141421422 0.0390625
v  -0.56568563 2.32830644e-08 0.01953125
v  -0.56568557 0.282842904 0.015625
v  -0.848528266 1.49011612e-08 0.00312500005
v  -0.707107067 -0.141421422 0.0078125
v  -0.848528266 -0.282842845 0.001953125
v  -1.1313709 -0.282842904 0
v  -0.989949763 -0.707106829 0
v  -0.989949703 -0.424264252 0
v  -1.13137102 -0.565685689 0
v  0.141421452 -0.141421422 0.266406238
v  0 1.42026693e-08 0.193749994
v  0 0.282842904 0.15625
v  -0.141421452 -0.141421422 0.125
v  0.424264252 0.141421467 0.378125012
v  0.282842815 0.282842904 0.275000006
v  0.282842815 0.565685749 0.15625
v  0.141421437 0.141421467 0.25
v  -0.141421437 0.141421467 0.12109375
v  0.141421422 0.424264342 0.171875
v  0 0.565685749 0.0859375
v  0 0.848528385 0.03125
v  -0.282842815 0.565685749 0.03125
v  -0.141421422 0.424264342 0.078125
v  -0.282842875 0.282842904 0.060546875
v  -0.424264252 0.141421467 0.0390625
v  0.707106769 0.424264342 0.2578125
v  0.565685391 0.565685749 0.1875
v  0.565685511 0.848528385 0.0625
v  0.424264193 0.424264342 0.25
v  0.989949107 0.707107186 0
v  0.848527968 0.848528504 0
v  0.707106709 0.707107067 0.100000001
v  0.424264193 0.707107067 0.1171875
v  0.707106829 0.989949763 0
v  0.565685689 1.13137102 0
v  0.424264252 0.989949703 0.03125
v  0.282842904 1.13137102 0.0125000002
v  0.282842845 0.848528266 0.05859375
v  0.141421422 0.707107067 0.078125
v  -1.27279234 -0.424264371 0
v  -0.989949584 -0.141421437 0.000781250012
v  -1.129161 7.4505806e-09 0.000195312503
v  -1.13137054 0.282842934 0
v  -1.37885797 0 0
v  -1.26395333 -0.141421467 0
v  -1.39653575 -0.282842964 0
v  -0.707106888 0.141421467 0.0078125
v  -0.848528028 0.282842904 0.001953125
v  -0.848527908 0.565685749 0
v  -0.989949465 0.141421467 0.000781250012
v  -1.26395309 0.141421482 0
v  -0.989949167 0.424264371 0
v  -1.13137031 0.565685809 0
v  -1.27279162 0.424264431 0
v  -1.39653528 0.282842994 0
v  -1.48492408 -0.141421497 0
v  -1.48492384 0.141421497 0
v  -1.52027929 0 0
v  -0.424264193 0.424264342 0.0242187493
v  -0.565685451 0.565685749 0.00605468731
v  -0.565685511 0.848528385 0
v  -0.707106769 0.424264342 0.00390625
v  -0.141421422 0.707107067 0.0343750007
v  -0.282842845 0.848528266 0.00859375019
v  -0.282842904 1.13137102 0
v  -0.424264193 0.707107067 0.0078125
v  -0.707106709 0.707107067 0
v  -0.424264252 0.989949703 0
v  -0.565685689 1.13137102 0
v  -0.707106829 0.989949763 0
v  -0.848527968 0.848528504 0
v  -0.989949107 0.707107186 0
v  0.141421437 0.989949703 0.0234375
v  0 1.12916124 0.005859375
v  0 1.37885821 0
v  -0.141421437 0.989949703 0.0078125
v  0.424264371 1.27279234 0
v  0.282842964 1.39653587 0
v  0.141421467 1.26395345 0.00312500005
v  -0.141421467 1.26395345 0
v  0.141421497 1.48492408 0
v  0 1.52027941 0
v  -0.141421497 1.48492408 0
v  -0.282842964 1.39653575 0
v  -0.424264371 1.27279234 0
s off
f 1 2 3 4
f 2 5 6 3
f 3 6 8 11
f 4 3 11 12
f 5 13 7 6
f 13 14 15 7
f 7 15 17 19
f 6 7 19 8
f 8 19 9 20
f 19 17 21 9
f 9 21 22 25
f 20 9 25 26
f 12 11 10 28
f 11 8 20 10
f 10 20 26 29
f 28 10 29 30
f 14 31 16 15
f 31 32 33 16
f 16 33 35 37
f 15 16 37 17
f 32 38 34 33
f 38 39 40 34
f 34 40 42 44
f 33 34 44 35
f 35 44 36 45
f 44 42 46 36
f 36 46 47 50
f 45 36 50 51
f 17 37 18 21
f 37 35 45 18
f 18 45 51 52
f 21 18 52 22
f 39 53 41 40
f 53 54 55 41
f 41 55 57 59
f 40 41 59 42
f 54 60 56 55
f 60 61 62 56
f 56 62 63 64
f 55 56 64 57
f 57 64 58 65
f 64 63 66 58
f 58 66 67 68
f 65 58 68 70
f 42 59 43 46
f 59 57 65 43
f 43 65 70 71
f 46 43 71 47
f 30 29 27 72
f 29 26 73 27
f 27 73 74 77
f 72 27 77 78
f 26 25 24 73
f 25 22 79 24
f 24 79 80 82
f 73 24 82 74
f 74 82 75 83
f 82 80 84 75
f 75 84 85 88
f 83 75 88 89
f 78 77 76 91
f 77 74 83 76
f 76 83 89 92
f 91 76 92 93
f 22 52 23 79
f 52 51 94 23
f 23 94 95 97
f 79 23 97 80
f 51 50 49 94
f 50 47 98 49
f 49 98 99 101
f 94 49 101 95
f 95 101 96 102
f 101 99 103 96
f 96 103 104 107
f 102 96 107 108
f 80 97 81 84
f 97 95 102 81
f 81 102 108 109
f 84 81 109 85
f 47 71 48 98
f 71 70 110 48
f 48 110 111 113
f 98 48 113 99
f 70 68 69 110
f 68 67 114 69
f 69 114 115 116
f 110 69 116 111
f 111 116 112 117
f 116 115 118 112
f 112 118 119 120
f 117 112 120 122
f 99 113 100 103
f 113 111 117 100
f 100 117 122 123
f 103 100 123 104
f 93 92 90 124
f 92 89 125 90
f 90 125 126 129
f 124 90 129 130
f 89 88 87 125
f 88 85 131 87
f 87 131 132 134
f 125 87 134 126
f 126 134 127 135
f 134 132 136 127
f 127 136 137 138
f 135 127 138 139
f 130 129 128 140
f 129 126 135 128
f 128 135 139 141
f 140 128 141 142
f 85 109 86 131
f 109 108 143 86
f 86 143 144 146
f 131 86 146 132
f 108 107 106 143
f 107 104 147 106
f 106 147 148 150
f 143 106 150 144
f 144 150 145 151
f 150 148 152 145
f 145 152 153 154
f 151 145 154 155
f 132 146 133 136
f 146 144 151 133
f 133 151 155 156
f 136 133 156 137
f 104 123 105 147
f 123 122 157 105
f 105 157 158 160
f 147 105 160 148
f 122 120 121 157
f 120 119 161 121
f 121 161 162 163
f 157 121 163 158
f 158 163 159 164
f 163 162 165 159
f 159 165 166 167
f 164 159 167 168
f 148 160 149 152
f 160 158 164 149
f 149 164 168 169
f 152 149 169 153

