# This file uses centimeters as units for non-parametric coordinates.
v  0 1.90855396 -1.55268085
v  -2.23517418e-08 1.89467633 -1.55632949
v  0.0131094316 1.89498115 -1.55673885
v  -0.0131094772 1.89497805 -1.5567286
v  0.0137532502 1.9088589 -1.55309343
v  -4.45288606e-08 1.8807987 -1.55997801
v  -0.0118219294 1.86722374 -1.56401873
v  0.0118217953 1.86722577 -1.56402969
v  0.012465613 1.8811034 -1.56038427
v  0.0247546956 1.88196015 -1.56169891
v  0.0347973444 1.86941528 -1.56763721
v  0.0385839008 1.89721239 -1.56041992
v  0.0260327756 1.89584291 -1.55806601
v  0.0273108575 1.9097259 -1.55443311
v  -6.65895641e-08 1.86692119 -1.56362665
v  -8.87666829e-08 1.85304356 -1.56727505
v  -0.0105343815 1.83946967 -1.57130909
v  0.010534158 1.83947039 -1.57132053
v  0.0111779775 1.85334802 -1.56767511
v  0.0221985318 1.85419405 -1.56896472
v  0.0310107879 1.8416183 -1.57485437
v  0.0234766118 1.86807716 -1.56533194
v  0.0366906226 1.88331389 -1.56402862
v  0.0329040661 1.85551667 -1.57124579
v  0.0431370772 1.85724974 -1.57461882
v  0.0497117043 1.8453455 -1.5826993
v  0.0557683855 1.87331092 -1.57567215
v  0.0456169508 1.87118006 -1.57104921
v  0.0480968207 1.8851099 -1.56747961
v  0.0618250631 1.90127635 -1.568645
v  0.040477179 1.911111 -1.55681145
v  0.0505767018 1.89903998 -1.56391001
v  0.0530565754 1.91297007 -1.5603404
v  -1.10594556e-07 1.83916616 -1.57092381
v  -1.32538844e-07 1.82528853 -1.57457256
v  -0.00924683362 1.81171572 -1.57859921
v  0.00924652163 1.81171489 -1.57861137
v  0.00989034027 1.82559252 -1.57496595
v  0.0196423661 1.82642829 -1.57623088
v  0.0272242315 1.81382132 -1.58207142
v  0.020920448 1.84031129 -1.57259786
v  -1.54599547e-07 1.81141102 -1.57822108
v  -1.76252797e-07 1.79753351 -1.58186972
v  0.00860270299 1.79783738 -1.58225679
v  0.0170862041 1.79866278 -1.58349669
v  0.0183642861 1.81254566 -1.57986379
v  0.0291175097 1.82771969 -1.57846284
v  0.0253309533 1.79992282 -1.58568001
v  0.0332175717 1.80153012 -1.58889747
v  0.0356974453 1.81545997 -1.58532786
v  0.0436550267 1.81738019 -1.58972633
v  0.0381773263 1.82939005 -1.58175814
v  0.0406571999 1.84332001 -1.57818854
v  0.0527400449 1.85932827 -1.57918572
v  0.0466833673 1.83136296 -1.58621287
v  0.054497201 1.83356202 -1.59192276
v  0.0575076491 1.82173705 -1.60232353
v  0.0654531121 1.85008395 -1.59564471
v  0.0580263361 1.84762383 -1.58848524
v  0.0615554675 1.86168575 -1.58504748
v  0.0733985752 1.87843072 -1.58896565
v  0.0406266898 1.80339742 -1.59324002
v  0.047438927 1.80543768 -1.59879827
v  0.0509680621 1.81949973 -1.59536052
v  0.0614803806 1.83591044 -1.59898424
v  0.0535349175 1.80756366 -1.60566306
v  0.058795277 1.80968809 -1.61392522
v  0.0631448701 1.82401037 -1.61070895
v  0.067750819 1.82623768 -1.62061012
v  0.067494452 1.83833241 -1.60749269
v  0.0770512 1.85526538 -1.6144793
v  0.0694258362 1.86425734 -1.59230518
v  0.0718440562 1.8526547 -1.60427642
v  0.0761936456 1.8669771 -1.60106027
v  0.0863515735 1.88429308 -1.60834837
v  0.0648534 1.91525912 -1.56513143
v  0.0587967224 1.88729358 -1.57215858
v  0.0686137378 1.88981009 -1.57817209
v  0.0813440382 1.90677762 -1.58228672
v  0.0721428767 1.90387201 -1.57473421
v  0.0756720155 1.91793418 -1.57129657
v  0.0650846064 1.87574792 -1.58160973
v  0.0773712993 1.89260411 -1.58562613
v  0.0805432424 1.88129926 -1.597844
v  0.0848928392 1.89562154 -1.59462786
v  0.0956519544 1.91332102 -1.60221767
v  0.0853167698 1.92095113 -1.57894731
v  0.089242436 1.9099437 -1.59141147
v  0.0935920328 1.92426622 -1.5881952
v  0.100302145 1.92783499 -1.59915233
v  0.0910017639 1.89880705 -1.60528302
v  0.0958221629 1.90197372 -1.61725736
v  0.0945148841 1.89024115 -1.63305759
v  0.104437009 1.91961575 -1.62731111
v  0.100680754 1.91663599 -1.61431444
v  0.10553883 1.93129671 -1.61136389
v  0.081701383 1.86977935 -1.61141396
v  0.0861011893 1.87263846 -1.62308836
v  0.0845670402 1.86079431 -1.63843012
v  0.090962477 1.88730848 -1.62018454
v  0.0994780958 1.90493441 -1.63021553
v  0.0895452425 1.87552977 -1.6358062
v  0.0921856761 1.87842739 -1.64928949
v  0.0893065631 1.86704755 -1.66516197
v  0.0989998281 1.89544296 -1.66073596
v  0.0971476883 1.89298725 -1.64667296
v  0.10209363 1.90750241 -1.64382291
v  0.108564474 1.92347622 -1.65444088
v  0.10939379 1.93429089 -1.62437558
v  0.107028864 1.92198682 -1.64081693
v  0.111958727 1.93645644 -1.6377331
v  0.0724010095 1.84075153 -1.61754465
v  0.0763727501 1.8432827 -1.62881052
v  0.0745934695 1.83127499 -1.64342904
v  0.0812377781 1.85796285 -1.62596118
v  0.063100636 1.81172371 -1.62367558
v  0.0666400045 1.81391418 -1.63447034
v  0.0715066344 1.82859921 -1.63164449
v  0.0795823932 1.84604073 -1.64096081
v  0.0696024001 1.81650305 -1.64586616
v  0.072176829 1.81973398 -1.65741932
v  0.0771924406 1.83444512 -1.65558147
v  0.0794846863 1.83828974 -1.66771913
v  0.0822026953 1.84914088 -1.65366578
v  0.0872022212 1.86380672 -1.6515944
v  0.0941746309 1.88130569 -1.66326046
v  0.0844063461 1.85269892 -1.66659641
v  0.0863149315 1.85665798 -1.67963135
v  0.0837342888 1.8482585 -1.6909343
v  0.0924535617 1.87398553 -1.69310379
v  0.0910127759 1.87045956 -1.67903209
v  0.0956749842 1.8841697 -1.67759728
v  0.101142727 1.89977324 -1.68975735
v  0.0745523125 1.82385051 -1.66868615
v  0.0769178495 1.8290962 -1.6792233
v  0.0816165283 1.84287298 -1.67958808
v  0.0880500153 1.86096191 -1.69265044
v  0.0794624761 1.83571494 -1.68858683
v  0.0823751837 1.84395003 -1.69633317
v  0.085845001 1.85404503 -1.70201933
v  0.0896983519 1.86543846 -1.70566154
v  0.0968495905 1.88702428 -1.69217825
v  0.0937616453 1.87756872 -1.70727634
v  0.0978613272 1.8898741 -1.70688105
v  0.113325365 1.93743241 -1.6509819
v  0.103792869 1.90948975 -1.65774429
v  0.104778886 1.91095996 -1.67184114
v  0.109107479 1.92337501 -1.6809622
v  0.109203964 1.92397523 -1.66791284
v  0.113585405 1.93685818 -1.66366744
v  0.100266449 1.89768064 -1.67513478
v  0.105254754 1.91197562 -1.68597436
v  0.101823837 1.901793 -1.70449197
v  0.10547559 1.91276395 -1.70012617
v  0.112830549 1.9343729 -1.67533529
v  0.108642995 1.92222548 -1.69380021
v  0.111152515 1.92961562 -1.68553102
v  -0.0642918199 1.82563353 -1.58960974
v  -0.0571994185 1.81819606 -1.58943188
v  -0.0625691041 1.82920742 -1.58753753
v  -0.0709526539 1.83449984 -1.58896935
v  -0.0497293919 1.81208515 -1.5886333
v  -0.0540911406 1.82430363 -1.58602262
v  -0.0454243757 1.82017732 -1.58434224
v  -0.0582592972 1.83652794 -1.58333576
v  -0.0519651063 1.84604132 -1.5780797
v  -0.0720447376 1.851717 -1.58304453
v  -0.0676228479 1.8403405 -1.58546698
v  -0.0769404843 1.8443619 -1.58761704
v  -0.0419356897 1.80719793 -1.58741188
v  -0.0338722616 1.80343211 -1.5859648
v  -0.0365822837 1.8168596 -1.5826174
v  -0.0275783595 1.81438208 -1.58097029
v  -0.0392377339 1.8302753 -1.57925487
v  -0.0314616524 1.84175622 -1.57390714
v  -0.0488038994 1.8331331 -1.58124173
v  -0.0620402396 1.84876323 -1.58049607
v  -0.0417840146 1.84366703 -1.57586145
v  -0.0441665575 1.85702324 -1.57242203
v  -0.0350829586 1.86907351 -1.56677055
v  -0.0571959056 1.87162042 -1.57144833
v  -0.0547988266 1.85887837 -1.57482553
v  -0.0652673542 1.86092567 -1.57747865
v  -0.0781607479 1.87425756 -1.57725668
v  -0.0820139125 1.85478663 -1.58565879
v  -0.075626716 1.86310112 -1.58029819
v  -0.0859314948 1.86534083 -1.58320093
v  -0.0255930498 1.80068541 -1.58448935
v  -0.0171519984 1.79885507 -1.58318329
v  -0.018453056 1.81268668 -1.57957315
v  -0.0197486524 1.82651722 -1.57596171
v  -0.0295418389 1.82807386 -1.57744479
v  -0.00860305969 1.79783869 -1.5822444
v  -0.00989060663 1.82559276 -1.57495415
v  -0.0210333355 1.84034503 -1.57234669
v  -0.0111781554 1.85334682 -1.56766391
v  -0.0223016422 1.85416961 -1.56872725
v  -0.0333159715 1.85542428 -1.57035112
v  -0.0463307798 1.870332 -1.56892097
v  -0.0235481188 1.8679893 -1.56510162
v  -0.0247782189 1.88180566 -1.56147146
v  -0.0384422801 1.89633393 -1.55956006
v  -0.0367844515 1.88270855 -1.56317139
v  -0.048331257 1.88360524 -1.5653739
v  -0.0611167699 1.8969152 -1.564448
v  -0.0124657024 1.88110089 -1.56037354
v  -0.025997404 1.89561939 -1.5578382
v  -0.0137532502 1.9088552 -1.55308342
v  -0.0272111315 1.90943217 -1.55420327
v  -0.0502225794 1.89685488 -1.56179607
v  -0.0400782749 1.90995455 -1.55594254
v  -0.0520593189 1.91009223 -1.55820298
v  -0.0884518325 1.87559128 -1.58034945
v  -0.0677740052 1.87293148 -1.57425833
v  -0.0696664602 1.88475657 -1.57088673
v  -0.0799514651 1.89509702 -1.57059908
v  -0.0796134621 1.88498878 -1.57399786
v  -0.0893334746 1.88510513 -1.57721066
v  -0.0592654981 1.88429165 -1.56797886
v  -0.0710510164 1.89637566 -1.56741571
v  -0.0628588796 1.9095149 -1.56088626
v  -0.0721816048 1.90789223 -1.56389475
v  -0.0883350223 1.89344871 -1.57389033
v  -0.0797321126 1.90489376 -1.56713033
v  -0.0852150396 1.90018928 -1.57049489
s off
f 1 2 3 5
f 2 6 9 3
f 3 9 10 13
f 5 3 13 14
f 6 15 8 9
f 15 16 19 8
f 8 19 20 22
f 9 8 22 10
f 10 22 11 23
f 22 20 24 11
f 11 24 25 28
f 23 11 28 29
f 14 13 12 31
f 13 10 23 12
f 12 23 29 32
f 31 12 32 33
f 16 34 18 19
f 34 35 38 18
f 18 38 39 41
f 19 18 41 20
f 35 42 37 38
f 42 43 44 37
f 37 44 45 46
f 38 37 46 39
f 39 46 40 47
f 46 45 48 40
f 40 48 49 50
f 47 40 50 52
f 20 41 21 24
f 41 39 47 21
f 21 47 52 53
f 24 21 53 25
f 25 53 26 54
f 53 52 55 26
f 26 55 56 59
f 54 26 59 60
f 52 50 51 55
f 50 49 62 51
f 51 62 63 64
f 55 51 64 56
f 56 64 57 65
f 64 63 66 57
f 57 66 67 68
f 65 57 68 70
f 60 59 58 72
f 59 56 65 58
f 58 65 70 73
f 72 58 73 74
f 33 32 30 76
f 32 29 77 30
f 30 77 78 80
f 76 30 80 81
f 29 28 27 77
f 28 25 54 27
f 27 54 60 82
f 77 27 82 78
f 78 82 61 83
f 82 60 72 61
f 61 72 74 84
f 83 61 84 85
f 81 80 79 87
f 80 78 83 79
f 79 83 85 88
f 87 79 88 89
f 89 88 86 90
f 88 85 91 86
f 86 91 92 95
f 90 86 95 96
f 85 84 75 91
f 84 74 97 75
f 75 97 98 100
f 91 75 100 92
f 92 100 93 101
f 100 98 102 93
f 93 102 103 106
f 101 93 106 107
f 96 95 94 109
f 95 92 101 94
f 94 101 107 110
f 109 94 110 111
f 74 73 71 97
f 73 70 112 71
f 71 112 113 115
f 97 71 115 98
f 70 68 69 112
f 68 67 116 69
f 69 116 117 118
f 112 69 118 113
f 113 118 114 119
f 118 117 120 114
f 114 120 121 122
f 119 114 122 124
f 98 115 99 102
f 115 113 119 99
f 99 119 124 125
f 102 99 125 103
f 103 125 104 126
f 125 124 127 104
f 104 127 128 131
f 126 104 131 132
f 124 122 123 127
f 122 121 134 123
f 123 134 135 136
f 127 123 136 128
f 128 136 129 137
f 136 135 138 129
f 129 138 139 140
f 137 129 140 141
f 132 131 130 142
f 131 128 137 130
f 130 137 141 143
f 142 130 143 144
f 111 110 108 145
f 110 107 146 108
f 108 146 147 149
f 145 108 149 150
f 107 106 105 146
f 106 103 126 105
f 105 126 132 151
f 146 105 151 147
f 147 151 133 152
f 151 132 142 133
f 133 142 144 153
f 152 133 153 154
f 150 149 148 155
f 149 147 152 148
f 148 152 154 156
f 155 148 156 157
f 158 159 160 161
f 159 162 163 160
f 160 163 165 168
f 161 160 168 169
f 162 170 164 163
f 170 171 172 164
f 164 172 174 176
f 163 164 176 165
f 165 176 166 177
f 176 174 178 166
f 166 178 179 182
f 177 166 182 183
f 169 168 167 185
f 168 165 177 167
f 167 177 183 186
f 185 167 186 187
f 171 188 173 172
f 188 189 190 173
f 173 190 191 192
f 172 173 192 174
f 189 193 36 190
f 193 43 42 36
f 36 42 35 194
f 190 36 194 191
f 191 194 17 195
f 194 35 34 17
f 17 34 16 196
f 195 17 196 197
f 174 192 175 178
f 192 191 195 175
f 175 195 197 198
f 178 175 198 179
f 179 198 180 199
f 198 197 200 180
f 180 200 201 203
f 199 180 203 204
f 197 196 7 200
f 196 16 15 7
f 7 15 6 206
f 200 7 206 201
f 201 206 4 207
f 206 6 2 4
f 4 2 1 208
f 207 4 208 209
f 204 203 202 210
f 203 201 207 202
f 202 207 209 211
f 210 202 211 212
f 187 186 184 213
f 186 183 214 184
f 184 214 215 217
f 213 184 217 218
f 183 182 181 214
f 182 179 199 181
f 181 199 204 219
f 214 181 219 215
f 215 219 205 220
f 219 204 210 205
f 205 210 212 221
f 220 205 221 222
f 218 217 216 223
f 217 215 220 216
f 216 220 222 224
f 223 216 224 225

