# This file uses centimeters as units for non-parametric coordinates.
v  -0.895833313 -0.895833313 0
v  -0.791666567 -0.958333313 0
v  -0.812499881 -0.812499881 0
v  -0.958333313 -0.791666567 0
v  -0.656249821 -0.989583313 0
v  -0.661458194 -0.82812494 0
v  -0.499999821 -0.833333254 0
v  -0.665364444 -0.665364444 0
v  -0.499999821 -0.499999821 0
v  -0.833333254 -0.499999821 0
v  -0.82812494 -0.661458194 0
v  -0.989583313 -0.656249821 0
v  -0.499999821 -1 0
v  -0.333333135 -1 0
v  -0.333333135 -0.833333254 0
v  -0.166666567 -0.833333254 0
v  -0.333333164 -0.666666508 0.015625
v  -0.166666567 -0.499999821 0.25
v  -0.499999821 -0.666666508 0
v  -0.666666508 -0.499999821 0
v  -0.333333135 -0.499999821 0.0625
v  -0.333333164 -0.333333164 0.109375
v  -0.166666567 -0.166666567 0.5
v  -0.499999821 -0.166666567 0
v  -0.499999821 -0.333333135 0
v  -0.666666508 -0.333333164 0
v  -0.833333254 -0.166666567 0
v  -1 -0.499999821 0
v  -0.833333254 -0.333333135 0
v  -1 -0.333333135 0
v  -0.166666552 -1 0
v  0 -1 0
v  0 -0.833333254 0
v  0.166666567 -0.833333254 0
v  0 -0.666666508 0.109375
v  0.166666567 -0.499999821 0.5
v  -0.166666567 -0.666666508 0.0625
v  0.166666552 -1 0
v  0.333333135 -1 0
v  0.333333164 -0.833333254 0
v  0.499999821 -0.833333254 0
v  0.333333164 -0.666666508 0.109375
v  0.499999821 -0.499999821 0.25
v  0.166666567 -0.666666508 0.125
v  0 -0.499999821 0.4375
v  0.333333164 -0.499999821 0.4375
v  0.333333105 -0.333333105 1
v  0.166666552 -0.333333135 1
v  0 -0.333333135 1
v  -0.166666567 -0.333333135 0.4375
v  0.499999821 -1 0
v  0.656249821 -0.989583313 0
v  0.661458135 -0.828124881 0
v  0.812499881 -0.812499881 0
v  0.665364444 -0.665364444 0.015625
v  0.833333254 -0.499999821 0
v  0.499999821 -0.666666508 0.0625
v  0.791666567 -0.958333313 0
v  0.895833313 -0.895833313 0
v  0.958333313 -0.791666567 0
v  0.989583313 -0.656249821 0
v  0.82812494 -0.661458194 0
v  0.666666508 -0.499999821 0.0625
v  1 -0.499999821 0
v  1 -0.333333135 0
v  0.833333254 -0.333333135 0
v  0.833333254 -0.166666567 0
v  0.666666508 -0.333333164 0.109375
v  0.499999821 -0.166666567 0.5
v  0.499999821 -0.333333135 0.4375
v  -1 -0.166666552 0
v  -0.666666508 -0.166666567 0
v  -0.666666508 0 0
v  -0.499999821 0.166666567 0
v  -0.833333254 0.166666567 0
v  -0.833333254 0 0
v  -1 0 0
v  -0.333333135 -0.166666567 0.125
v  -0.333333164 0 0.109375
v  -0.166666567 0.166666567 0.25
v  -0.499999821 0 0
v  -0.666666508 0.166666567 0
v  -0.333333135 0.166666567 0.0625
v  -0.333333164 0.333333164 0.015625
v  -0.166666567 0.499999821 0
v  -0.499999821 0.499999821 0
v  -0.499999821 0.333333164 0
v  -0.666666508 0.333333164 0
v  -0.833333254 0.499999821 0
v  -1 0.166666552 0
v  -0.833333254 0.333333164 0
v  -1 0.333333135 0
v  0 -0.166666567 1
v  0 0 1
v  -0.166666567 0 0.4375
v  0.166666567 -0.166666567 1
v  0.333333135 -0.166666552 1
v  0.333333135 0 1
v  0.166666567 0 1
v  0.666666508 -0.166666567 0.125
v  0.666666508 0 0.109375
v  0.833333254 0.166666567 0
v  0.499999821 0.166666567 0.25
v  0.499999821 0 0.4375
v  0.166666567 0.166666567 0.5
v  0 0.166666567 0.4375
v  0.333333164 0.166666567 0.4375
v  0.333333164 0.333333164 0.109375
v  0.499999821 0.499999821 0
v  0.166666567 0.499999821 0
v  0.166666567 0.333333164 0.125
v  0 0.333333164 0.109375
v  -0.166666567 0.333333164 0.0625
v  1 -0.166666552 0
v  1 0 0
v  0.833333254 0 0
v  0.666666508 0.166666567 0.0625
v  1 0.166666552 0
v  1 0.333333135 0
v  0.833333254 0.333333164 0
v  0.833333254 0.499999821 0
v  0.666666508 0.333333164 0.015625
v  0.499999821 0.333333164 0.0625
v  -1 0.499999821 0
v  -0.666666508 0.499999821 0
v  -0.665364444 0.665364444 0
v  -0.499999821 0.833333254 0
v  -0.812499881 0.812499881 0
v  -0.828124881 0.661458135 0
v  -0.989583313 0.656249821 0
v  -0.333333135 0.499999821 0
v  -0.333333164 0.666666508 0
v  -0.166666567 0.833333254 0
v  -0.499999821 0.666666508 0
v  -0.661458135 0.828124881 0
v  -0.333333135 0.833333254 0
v  -0.333333135 1 0
v  -0.499999821 1 0
v  -0.656249821 0.989583313 0
v  -0.958333313 0.791666567 0
v  -0.791666567 0.958333313 0
v  -0.895833313 0.895833313 0
v  0 0.499999821 0
v  0 0.666666508 0
v  0.166666567 0.833333254 0
v  -0.166666567 0.666666508 0
v  0.333333164 0.499999821 0
v  0.333333164 0.666666508 0
v  0.499999821 0.833333254 0
v  0.166666567 0.666666508 0
v  0 0.833333254 0
v  0.333333164 0.833333254 0
v  0.333333135 1 0
v  0.166666552 1 0
v  0 1 0
v  -0.166666552 1 0
v  0.666666508 0.499999821 0
v  0.665364444 0.665364444 0
v  0.812499881 0.812499881 0
v  0.499999821 0.666666508 0
v  1 0.499999821 0
v  0.989583313 0.656249821 0
v  0.828124881 0.661458135 0
v  0.661458194 0.82812494 0
v  0.958333313 0.791666567 0
v  0.895833313 0.895833313 0
v  0.791666567 0.958333313 0
v  0.656249821 0.989583313 0
v  0.499999821 1 0
s off
f 1 2 3 4
f 2 5 6 3
f 3 6 8 11
f 4 3 11 12
f 5 13 7 6
f 13 14 15 7
f 7 15 17 19
f 6 7 19 8
f 8 19 9 20
f 19 17 21 9
f 9 21 22 25
f 20 9 25 26
f 12 11 10 28
f 11 8 20 10
f 10 20 26 29
f 28 10 29 30
f 14 31 16 15
f 31 32 33 16
f 16 33 35 37
f 15 16 37 17
f 32 38 34 33
f 38 39 40 34
f 34 40 42 44
f 33 34 44 35
f 35 44 36 45
f 44 42 46 36
f 36 46 47 48
f 45 36 48 49
f 17 37 18 21
f 37 35 45 18
f 18 45 49 50
f 21 18 50 22
f 39 51 41 40
f 51 52 53 41
f 41 53 55 57
f 40 41 57 42
f 52 58 54 53
f 58 59 60 54
f 54 60 61 62
f 53 54 62 55
f 55 62 56 63
f 62 61 64 56
f 56 64 65 66
f 63 56 66 68
f 42 57 43 46
f 57 55 63 43
f 43 63 68 70
f 46 43 70 47
f 30 29 27 71
f 29 26 72 27
f 27 72 73 76
f 71 27 76 77
f 26 25 24 72
f 25 22 78 24
f 24 78 79 81
f 72 24 81 73
f 73 81 74 82
f 81 79 83 74
f 74 83 84 87
f 82 74 87 88
f 77 76 75 90
f 76 73 82 75
f 75 82 88 91
f 90 75 91 92
f 22 50 23 78
f 50 49 93 23
f 23 93 94 95
f 78 23 95 79
f 49 48 96 93
f 48 47 97 96
f 96 97 98 99
f 93 96 99 94
f 47 70 69 97
f 70 68 100 69
f 69 100 101 104
f 97 69 104 98
f 94 99 105 106
f 99 98 107 105
f 105 107 108 111
f 106 105 111 112
f 79 95 80 83
f 95 94 106 80
f 80 106 112 113
f 83 80 113 84
f 68 66 67 100
f 66 65 114 67
f 67 114 115 116
f 100 67 116 101
f 101 116 102 117
f 116 115 118 102
f 102 118 119 120
f 117 102 120 122
f 98 104 103 107
f 104 101 117 103
f 103 117 122 123
f 107 103 123 108
f 92 91 89 124
f 91 88 125 89
f 89 125 126 129
f 124 89 129 130
f 88 87 86 125
f 87 84 131 86
f 86 131 132 134
f 125 86 134 126
f 126 134 127 135
f 134 132 136 127
f 127 136 137 138
f 135 127 138 139
f 130 129 128 140
f 129 126 135 128
f 128 135 139 141
f 140 128 141 142
f 84 113 85 131
f 113 112 143 85
f 85 143 144 146
f 131 85 146 132
f 112 111 110 143
f 111 108 147 110
f 110 147 148 150
f 143 110 150 144
f 144 150 145 151
f 150 148 152 145
f 145 152 153 154
f 151 145 154 155
f 132 146 133 136
f 146 144 151 133
f 133 151 155 156
f 136 133 156 137
f 108 123 109 147
f 123 122 157 109
f 109 157 158 160
f 147 109 160 148
f 122 120 121 157
f 120 119 161 121
f 121 161 162 163
f 157 121 163 158
f 158 163 159 164
f 163 162 165 159
f 159 165 166 167
f 164 159 167 168
f 148 160 149 152
f 160 158 164 149
f 149 164 168 169
f 152 149 169 153

