# This file uses centimeters as units for non-parametric coordinates.
v  0 0 2
v  0 -0.395833343 1.25000012
v  0.375 -0.375 1.08333337
v  -0.375 -0.375 1.08333337
v  0.395833343 0 1.25000012
v  0.375 0.375 1.08333337
v  0 -0.8125 0.807291687
v  -0.416666687 -1.125 0.375
v  0.416666687 -1.125 0.375
v  0.364583373 -0.75 0.739583373
v  0.625 -0.638888896 0.611111164
v  1 -0.416666687 0.375
v  0.71875 -0.364583373 0.739583373
v  0.76562506 0 0.807291687
v  1 0.416666687 0.375
v  0 -2 0
v  0.5 -1.5 0
v  0 -1.27083337 0.395833343
v  0.9375 -1 0
v  0.770833373 -0.802083373 0.354166687
v  1.375 0 0
v  1.08333337 0 0.395833343
v  1.25 -0.5 0
v  0 0.395833343 1.25000012
v  -0.375 0.375 1.08333337
v  0.71875 0.364583373 0.739583373
v  0.625 0.625 0.611111164
v  0.416666687 1 0.375
v  0.364583373 0.71875 0.739583373
v  0 0.76562506 0.807291687
v  -0.416666687 1 0.375
v  1.25 0.5 0
v  0.9375 0.9375 0
v  0.770833373 0.770833373 0.354166687
v  0 1.375 0
v  0 1.08333337 0.395833343
v  0.5 1.25 0
v  -0.395833343 0 1.25000012
v  -0.364583373 0.71875 0.739583373
v  -0.625 0.625 0.611111164
v  -1 0.416666687 0.375
v  -0.71875 0.364583373 0.739583373
v  -0.76562506 0 0.807291687
v  -1 -0.416666687 0.375
v  -0.5 1.25 0
v  -0.9375 0.9375 0
v  -0.770833373 0.770833373 0.354166687
v  -1.375 0 0
v  -1.08333337 0 0.395833343
v  -1.25 0.5 0
v  -0.71875 -0.364583373 0.739583373
v  -0.625 -0.638888896 0.611111164
v  -0.364583373 -0.75 0.739583373
v  -1.25 -0.5 0
v  -0.9375 -1 0
v  -0.770833373 -0.802083373 0.354166687
v  -0.5 -1.5 0
v  -0.875 0 0
v  -0.46875 0.46875 0
v  0 0.875 0
v  0 -0.0078125 0
v  0.875 0 0
v  0 -1 0
v  -0.46875 -0.5 0
v  0.46875 0.46875 0
v  0.46875 -0.5 0
s off
f 1 2 3 5
f 2 7 10 3
f 3 10 11 13
f 5 3 13 14
f 16 17 9 18
f 17 19 20 9
f 9 20 11 10
f 18 9 10 7
f 21 22 12 23
f 22 14 13 12
f 12 13 11 20
f 23 12 20 19
f 1 5 6 24
f 5 14 26 6
f 6 26 27 29
f 24 6 29 30
f 21 32 15 22
f 32 33 34 15
f 15 34 27 26
f 22 15 26 14
f 35 36 28 37
f 36 30 29 28
f 28 29 27 34
f 37 28 34 33
f 1 24 25 38
f 24 30 39 25
f 25 39 40 42
f 38 25 42 43
f 35 45 31 36
f 45 46 47 31
f 31 47 40 39
f 36 31 39 30
f 48 49 41 50
f 49 43 42 41
f 41 42 40 47
f 50 41 47 46
f 1 38 4 2
f 38 43 51 4
f 4 51 52 53
f 2 4 53 7
f 48 54 44 49
f 54 55 56 44
f 44 56 52 51
f 49 44 51 43
f 16 18 8 57
f 18 7 53 8
f 8 53 52 56
f 57 8 56 55
f 48 50 58 54
f 50 46 59 58
f 58 59 61 64
f 54 58 64 55
f 46 45 60 59
f 45 35 37 60
f 60 37 33 65
f 59 60 65 61
f 61 65 62 66
f 65 33 32 62
f 62 32 21 23
f 66 62 23 19
f 55 64 63 57
f 64 61 66 63
f 63 66 19 17
f 57 63 17 16

